&aorsa2din
    eqdsk = 'eqdsk'
    netcdf_file1 = 'cql3d.nc'
    netcdf_file2 = 'cql3d.nc'
    root = 'none'
    nmodesx = 128
    nmodesy = 128
    nprow = 32
    npcol = 32
    lmax = 3
    prfin = 600000.0
    freqcy = 96000000.0
    nstrap = 2
    i_antenna = 0
    rant = 1.12
    yant = 0
    antlen = 0.4
    xlt = 0.094
    wd = 0.244
    dpsiant0 = 0.025
    antlc = 5
    nphi_number = 1
    nphi_array = 11
    phase_array = 0.0, 180.0, 0.0, 180.0
    enorm_factor = 0.0
    nuper = 150
    nupar = 300
    use_new_wdot = .true.
    nzeta_wdote = 51
    nzeta_wdoti = 51
    z2_electron = 1
    upshift = 1
    xkperp_cutoff = 0.5
    damping = 100.0
    delta0 = 4e-05
    psilim = 0.999
    ytop = 1.07
    ybottom = -1.26
    rwright = 2.317
    rwleft = 1.022
    n_prof_flux = 1
    iprofile = 5
    ndisti1 = 0
    amu1 = 2
    z1 = 1
    ndisti2 = 0
    amu2 = 2
    z2 = 1
/

&state
    s_t0 = 0.0
    s_t1 = 0.0
    s_r_axis = 0.0
    s_z_axis = 0.0
    s_r0_mach = 0.0
    s_z0_mach = 0.0
    s_r_min = 0.0
    s_r_max = 0.0
    s_z_min = 0.0
    s_z_max = 0.0
    s_nspec = 0
    s_nspec_th = 2
    s_s_name = 'e', 'D', 'Dfast'
    s_q_s = -1.6022e-19, 1.6022e-19, 1.6022e-19
    s_m_s = 9.11e-31, 3.3687870052e-27, 3.3687870052e-27
    s_nrho_n = 101
    s_rho_n_grid = 0.0, 0.01, 0.02, 0.03, 0.04, 0.05, 0.06, 0.07, 0.08,
                   0.09, 0.1, 0.11, 0.12, 0.13, 0.14, 0.15, 0.16, 0.17,
                   0.18, 0.19, 0.2, 0.21, 0.22, 0.23, 0.24, 0.25, 0.26,
                   0.27, 0.28, 0.29, 0.3, 0.31, 0.32, 0.33, 0.34, 0.35,
                   0.36, 0.37, 0.38, 0.39, 0.4, 0.41, 0.42, 0.43, 0.44,
                   0.45, 0.46, 0.47, 0.48, 0.49, 0.5, 0.51, 0.52, 0.53,
                   0.54, 0.55, 0.56, 0.57, 0.58, 0.59, 0.6, 0.61, 0.62,
                   0.63, 0.64, 0.65, 0.66, 0.67, 0.68, 0.69, 0.7, 0.71,
                   0.72, 0.73, 0.74, 0.75, 0.76, 0.77, 0.78, 0.79, 0.8,
                   0.81, 0.82, 0.83, 0.84, 0.85, 0.86, 0.87, 0.88, 0.89,
                   0.9, 0.91, 0.92, 0.93, 0.94, 0.95, 0.96, 0.97, 0.98,
                   0.99, 1.0, 0.0, 0.0, 0.0, 0.0, 0.0, 0.0, 0.0, 0.0, 0.0,
                   0.0, 0.0, 0.0, 0.0, 0.0, 0.0, 0.0, 0.0, 0.0, 0.0, 0.0,
                   0.0, 0.0, 0.0, 0.0, 0.0, 0.0, 0.0, 0.0, 0.0, 0.0, 0.0,
                   0.0, 0.0, 0.0, 0.0, 0.0, 0.0, 0.0, 0.0, 0.0, 0.0, 0.0,
                   0.0, 0.0, 0.0, 0.0, 0.0, 0.0, 0.0, 0.0, 0.0, 0.0, 0.0,
                   0.0, 0.0, 0.0, 0.0, 0.0, 0.0, 0.0, 0.0, 0.0, 0.0, 0.0,
                   0.0, 0.0, 0.0, 0.0, 0.0, 0.0, 0.0, 0.0, 0.0, 0.0, 0.0,
                   0.0, 0.0, 0.0, 0.0, 0.0
    s_n_s = 4.48613452911e+19, 4.483365676789104e+19, 4.477543150484696e+19,
            4.469613658922939e+19, 4.46052391083e+19, 4.448533474800144e+19,
            4.43211869746603e+19, 4.412551454611398e+19, 4.391103622019999e+19,
            4.366550999763111e+19, 4.337625240167666e+19, 4.305531997400888e+19,
            4.27147692563e+19, 4.2337032101698265e+19, 4.191668890291739e+19,
            4.14840190109778e+19, 4.10693017769e+19, 4.067627127275862e+19,
            4.0289839620154745e+19, 3.99120532443985e+19, 3.95449585708e+19,
            3.918831231441483e+19, 3.884061994584749e+19, 3.850205102373141e+19,
            3.81727751067e+19, 3.785239454623914e+19, 3.754033724176565e+19,
            3.723651107380932e+19, 3.69408239229e+19, 3.6653326048689697e+19,
            3.637349285774007e+19, 3.610036995094541e+19, 3.58330029292e+19,
            3.5571535823973286e+19, 3.5316004497518117e+19, 3.506529229690389e+19,
            3.48182825692e+19, 3.4575206912786133e+19, 3.4336315320005263e+19,
            3.4100518728871764e+19, 3.38667280774e+19, 3.3635282630980575e+19,
            3.3406491648467636e+19, 3.3179221058070876e+19, 3.2952336788e+19,
            3.272628412284877e+19, 3.250141189645977e+19, 3.2276441360915886e+19,
            3.20500937683e+19, 3.1822773425417593e+19, 3.159490311701284e+19,
            3.1365231812076667e+19, 3.11325084796e+19, 3.0897060569122853e+19,
            3.0659252332635873e+19, 3.0417887942805963e+19, 3.01717715723e+19,
            2.9920859851026465e+19, 2.966548038548392e+19, 2.940499381322441e+19,
            2.91387607718e+19, 2.8866256991632667e+19, 2.858761108097663e+19,
            2.830316299413228e+19, 2.80132526854e+19, 2.7717023287991968e+19,
            2.741430256147969e+19, 2.710645739970257e+19, 2.67948546965e+19,
            2.6478538030850675e+19, 2.615705887754562e+19, 2.5832545974142755e+19,
            2.55071280582e+19, 2.517984776152198e+19, 2.4850056288593674e+19,
            2.452034523599354e+19, 2.41933062003e+19, 2.3869000251682107e+19,
            2.3546228958058045e+19, 2.322569466262996e+19, 2.29080997086e+19,
            2.2595119050515567e+19, 2.228582248512169e+19, 2.197700461891697e+19,
            2.16654600584e+19, 2.135482985298549e+19, 2.1045301080859873e+19,
            2.072848739167932e+19, 2.03960024351e+19, 2.0057585360821424e+19,
            1.971220100844212e+19, 1.933530156246675e+19, 1.89023392074e+19,
            1.8438105983132561e+19, 1.7923230074797715e+19, 1.7266917884764006e+19,
            1.63783758154e+19, 1.4748450516614967e+19, 1.2108161733885387e+19,
            8.726975512930614e+18, 4.87435789947e+18, 0, 0, 0, 0, 0, 0,
            0, 0, 0, 0, 0, 0, 0, 0, 0, 0, 0, 0, 0, 0, 0, 0, 0, 0, 0, 0,
            0, 0, 0, 0, 0, 0, 0, 0, 0, 0, 0, 0, 0, 0, 0, 0, 0, 0, 0, 0,
            0, 0, 0, 0, 0, 0, 0, 0, 0, 0, 0, 0, 0, 0, 0, 0, 0, 0, 0, 0,
            0, 0, 0, 0, 0, 0, 0, 0, 0, 0, 0, 0, 0, 0, 4.48613452911e+19,
            4.483365676789104e+19, 4.477543150484696e+19, 4.469613658922939e+19,
            4.46052391083e+19, 4.448533474800144e+19, 4.43211869746603e+19,
            4.412551454611398e+19, 4.391103622019999e+19, 4.366550999763111e+19,
            4.337625240167666e+19, 4.305531997400888e+19, 4.27147692563e+19,
            4.2337032101698265e+19, 4.191668890291739e+19, 4.14840190109778e+19,
            4.10693017769e+19, 4.067627127275862e+19, 4.0289839620154745e+19,
            3.99120532443985e+19, 3.95449585708e+19, 3.918831231441483e+19,
            3.884061994584749e+19, 3.850205102373141e+19, 3.81727751067e+19,
            3.785239454623914e+19, 3.754033724176565e+19, 3.723651107380932e+19,
            3.69408239229e+19, 3.6653326048689697e+19, 3.637349285774007e+19,
            3.610036995094541e+19, 3.58330029292e+19, 3.5571535823973286e+19,
            3.5316004497518117e+19, 3.506529229690389e+19, 3.48182825692e+19,
            3.4575206912786133e+19, 3.4336315320005263e+19, 3.4100518728871764e+19,
            3.38667280774e+19, 3.3635282630980575e+19, 3.3406491648467636e+19,
            3.3179221058070876e+19, 3.2952336788e+19, 3.272628412284877e+19,
            3.250141189645977e+19, 3.2276441360915886e+19, 3.20500937683e+19,
            3.1822773425417593e+19, 3.159490311701284e+19, 3.1365231812076667e+19,
            3.11325084796e+19, 3.0897060569122853e+19, 3.0659252332635873e+19,
            3.0417887942805963e+19, 3.01717715723e+19, 2.9920859851026465e+19,
            2.966548038548392e+19, 2.940499381322441e+19, 2.91387607718e+19,
            2.8866256991632667e+19, 2.858761108097663e+19, 2.830316299413228e+19,
            2.80132526854e+19, 2.7717023287991968e+19, 2.741430256147969e+19,
            2.710645739970257e+19, 2.67948546965e+19, 2.6478538030850675e+19,
            2.615705887754562e+19, 2.5832545974142755e+19, 2.55071280582e+19,
            2.517984776152198e+19, 2.4850056288593674e+19, 2.452034523599354e+19,
            2.41933062003e+19, 2.3869000251682107e+19, 2.3546228958058045e+19,
            2.322569466262996e+19, 2.29080997086e+19, 2.2595119050515567e+19,
            2.228582248512169e+19, 2.197700461891697e+19, 2.16654600584e+19,
            2.135482985298549e+19, 2.1045301080859873e+19, 2.072848739167932e+19,
            2.03960024351e+19, 2.0057585360821424e+19, 1.971220100844212e+19,
            1.933530156246675e+19, 1.89023392074e+19, 1.8438105983132561e+19,
            1.7923230074797715e+19, 1.7266917884764006e+19, 1.63783758154e+19,
            1.4748450516614967e+19, 1.2108161733885387e+19, 8.726975512930614e+18,
            4.87435789947e+18, 0, 0, 0, 0, 0, 0, 0, 0, 0, 0, 0, 0, 0, 0,
            0, 0, 0, 0, 0, 0, 0, 0, 0, 0, 0, 0, 0, 0, 0, 0, 0, 0, 0, 0,
            0, 0, 0, 0, 0, 0, 0, 0, 0, 0, 0, 0, 0, 0, 0, 0, 0, 0, 0, 0,
            0, 0, 0, 0, 0, 0, 0, 0, 0, 0, 0, 0, 0, 0, 0, 0, 0, 0, 0, 0,
            0, 0, 0, 0, 0, 0, 4.4861345291099996e+18, 4.4833656767891046e+18,
            4.477543150484696e+18, 4.469613658922939e+18, 4.46052391083e+18,
            4.448533474800146e+18, 4.4321186974660296e+18, 4.4125514546113987e+18,
            4.39110362202e+18, 4.366550999763112e+18, 4.337625240167666e+18,
            4.305531997400888e+18, 4.2714769256300006e+18, 4.2337032101698273e+18,
            4.1916688902917386e+18, 4.148401901097781e+18, 4.10693017769e+18,
            4.0676271272758615e+18, 4.028983962015475e+18, 3.9912053244398505e+18,
            3.95449585708e+18, 3.9188312314414833e+18, 3.8840619945847496e+18,
            3.8502051023731405e+18, 3.81727751067e+18, 3.7852394546239155e+18,
            3.754033724176565e+18, 3.7236511073809326e+18, 3.6940823922900004e+18,
            3.6653326048689705e+18, 3.637349285774008e+18, 3.6100369950945413e+18,
            3.5833002929200005e+18, 3.5571535823973294e+18, 3.531600449751812e+18,
            3.5065292296903895e+18, 3.4818282569200005e+18, 3.457520691278613e+18,
            3.433631532000527e+18, 3.410051872887176e+18, 3.38667280774e+18,
            3.3635282630980577e+18, 3.3406491648467635e+18, 3.317922105807088e+18,
            3.2952336788e+18, 3.2726284122848773e+18, 3.250141189645977e+18,
            3.2276441360915886e+18, 3.20500937683e+18, 3.1822773425417595e+18,
            3.1594903117012844e+18, 3.1365231812076667e+18, 3.1132508479600005e+18,
            3.089706056912285e+18, 3.0659252332635873e+18, 3.041788794280596e+18,
            3.01717715723e+18, 2.9920859851026463e+18, 2.9665480385483924e+18,
            2.940499381322441e+18, 2.91387607718e+18, 2.886625699163267e+18,
            2.858761108097663e+18, 2.830316299413228e+18, 2.80132526854e+18,
            2.771702328799197e+18, 2.741430256147969e+18, 2.710645739970257e+18,
            2.67948546965e+18, 2.6478538030850673e+18, 2.615705887754562e+18,
            2.583254597414275e+18, 2.5507128058199997e+18, 2.517984776152198e+18,
            2.4850056288593684e+18, 2.4520345235993533e+18, 2.41933062003e+18,
            2.386900025168211e+18, 2.3546228958058045e+18, 2.3225694662629965e+18,
            2.2908099708600003e+18, 2.2595119050515569e+18, 2.2285822485121695e+18,
            2.197700461891697e+18, 2.16654600584e+18, 2.1354829852985492e+18,
            2.1045301080859878e+18, 2.0728487391679322e+18, 2.03960024351e+18,
            2.0057585360821427e+18, 1.971220100844212e+18, 1.933530156246675e+18,
            1.8902339207400003e+18, 1.8438105983132564e+18, 1.7923230074797714e+18,
            1.7266917884764006e+18, 1.63783758154e+18, 1.4748450516614966e+18,
            1.2108161733885386e+18, 8.726975512930614e+17, 4.874357899469998e+17,
            0, 0, 0, 0, 0, 0, 0, 0, 0, 0, 0, 0, 0, 0, 0, 0, 0, 0, 0, 0,
            0, 0, 0, 0, 0, 0, 0, 0, 0, 0, 0, 0, 0, 0, 0, 0, 0, 0, 0, 0,
            0, 0, 0, 0, 0, 0, 0, 0, 0, 0, 0, 0, 0, 0, 0, 0, 0, 0, 0, 0,
            0, 0, 0, 0, 0, 0, 0, 0, 0, 0, 0, 0, 0, 0, 0, 0, 0, 0, 0, 0,
            0, 0, 0, 0, 0, 0, 0, 0, 0, 0, 0, 0, 0, 0, 0, 0, 0, 0, 0, 0,
            0, 0, 0, 0, 0, 0, 0, 0, 0, 0, 0, 0, 0, 0, 0, 0, 0, 0, 0, 0,
            0, 0, 0, 0, 0, 0, 0, 0, 0, 0, 0, 0, 0, 0, 0, 0, 0, 0, 0, 0,
            0, 0, 0, 0, 0, 0, 0, 0, 0, 0, 0, 0, 0, 0, 0, 0, 0, 0, 0, 0,
            0, 0, 0, 0, 0, 0, 0, 0, 0, 0, 0, 0, 0, 0, 0, 0, 0, 0, 0, 0,
            0, 0, 0, 0, 0, 0, 0, 0, 0, 0, 0, 0, 0, 0, 0, 0, 0, 0, 0, 0,
            0, 0, 0, 0, 0, 0, 0, 0, 0, 0, 0, 0, 0, 0, 0, 0, 0, 0, 0, 0,
            0, 0, 0, 0, 0, 0, 0, 0, 0, 0, 0, 0, 0, 0, 0, 0, 0, 0, 0, 0,
            0, 0, 0, 0, 0, 0, 0, 0, 0, 0, 0, 0, 0, 0, 0, 0, 0, 0, 0, 0,
            0, 0, 0, 0, 0, 0, 0, 0, 0, 0, 0, 0, 0, 0, 0, 0, 0, 0, 0, 0,
            0, 0, 0, 0, 0, 0, 0, 0, 0, 0, 0, 0, 0, 0, 0, 0, 0, 0, 0, 0,
            0, 0, 0, 0, 0, 0, 0, 0, 0, 0, 0, 0, 0, 0, 0, 0, 0, 0, 0, 0,
            0, 0, 0, 0, 0, 0, 0, 0, 0, 0, 0, 0, 0, 0, 0, 0, 0, 0, 0, 0,
            0, 0, 0, 0, 0, 0, 0, 0, 0, 0, 0, 0, 0, 0, 0, 0, 0, 0, 0, 0,
            0, 0, 0, 0, 0, 0, 0, 0, 0, 0, 0, 0, 0, 0, 0, 0, 0, 0, 0, 0,
            0, 0, 0, 0, 0, 0, 0, 0, 0, 0, 0, 0, 0, 0, 0, 0, 0, 0, 0, 0,
            0, 0, 0, 0, 0, 0, 0, 0, 0, 0, 0, 0, 0, 0, 0, 0, 0, 0, 0, 0,
            0, 0, 0, 0, 0, 0, 0, 0, 0, 0, 0, 0, 0, 0, 0, 0, 0, 0, 0, 0,
            0, 0, 0, 0, 0, 0, 0, 0, 0, 0, 0, 0, 0, 0, 0, 0, 0, 0, 0, 0,
            0, 0, 0, 0, 0, 0, 0, 0, 0, 0, 0, 0, 0, 0, 0, 0, 0, 0, 0, 0,
            0, 0, 0, 0, 0, 0, 0, 0, 0, 0, 0, 0, 0, 0, 0, 0, 0, 0, 0, 0,
            0, 0, 0, 0
    s_zeff = 2.5, 2.5, 2.5, 2.5, 2.5, 2.5, 2.5, 2.5, 2.5, 2.5, 2.5, 2.5,
             2.5, 2.5, 2.5, 2.5, 2.5, 2.5, 2.5, 2.5, 2.5, 2.5, 2.5, 2.5,
             2.5, 2.5, 2.5, 2.5, 2.5, 2.5, 2.5, 2.5, 2.5, 2.5, 2.5, 2.5,
             2.5, 2.5, 2.5, 2.5, 2.5, 2.5, 2.5, 2.5, 2.5, 2.5, 2.5, 2.5,
             2.5, 2.5, 2.5, 2.5, 2.5, 2.5, 2.5, 2.5, 2.5, 2.5, 2.5, 2.5,
             2.5, 2.5, 2.5, 2.5, 2.5, 2.5, 2.5, 2.5, 2.5, 2.5, 2.5, 2.5,
             2.5, 2.5, 2.5, 2.5, 2.5, 2.5, 2.5, 2.5, 2.5, 2.5, 2.5, 2.5,
             2.5, 2.5, 2.5, 2.5, 2.5, 2.5, 2.5, 2.5, 2.5, 2.5, 2.5, 2.5,
             2.5, 2.5, 2.5, 2.5, 2.5, 0.0, 0.0, 0.0, 0.0, 0.0, 0.0, 0.0,
             0.0, 0.0, 0.0, 0.0, 0.0, 0.0, 0.0, 0.0, 0.0, 0.0, 0.0, 0.0,
             0.0, 0.0, 0.0, 0.0, 0.0, 0.0, 0.0, 0.0, 0.0, 0.0, 0.0, 0.0,
             0.0, 0.0, 0.0, 0.0, 0.0, 0.0, 0.0, 0.0, 0.0, 0.0, 0.0, 0.0,
             0.0, 0.0, 0.0, 0.0, 0.0, 0.0, 0.0, 0.0, 0.0, 0.0, 0.0, 0.0,
             0.0, 0.0, 0.0, 0.0, 0.0, 0.0, 0.0, 0.0, 0.0, 0.0, 0.0, 0.0,
             0.0, 0.0, 0.0, 0.0, 0.0, 0.0, 0.0, 0.0, 0.0, 0.0, 0.0, 0.0,
             0.0
    s_m_impurity = 0.0, 0.0, 0.0, 0.0, 0.0, 0.0, 0.0, 0.0, 0.0, 0.0, 0.0,
                   0.0, 0.0, 0.0, 0.0, 0.0, 0.0, 0.0, 0.0, 0.0, 0.0, 0.0,
                   0.0, 0.0, 0.0, 0.0, 0.0, 0.0, 0.0, 0.0, 0.0, 0.0, 0.0,
                   0.0, 0.0, 0.0, 0.0, 0.0, 0.0, 0.0, 0.0, 0.0, 0.0, 0.0,
                   0.0, 0.0, 0.0, 0.0, 0.0, 0.0, 0.0, 0.0, 0.0, 0.0, 0.0,
                   0.0, 0.0, 0.0, 0.0, 0.0, 0.0, 0.0, 0.0, 0.0, 0.0, 0.0,
                   0.0, 0.0, 0.0, 0.0, 0.0, 0.0, 0.0, 0.0, 0.0, 0.0, 0.0,
                   0.0, 0.0, 0.0, 0.0, 0.0, 0.0, 0.0, 0.0, 0.0, 0.0, 0.0,
                   0.0, 0.0, 0.0, 0.0, 0.0, 0.0, 0.0, 0.0, 0.0, 0.0, 0.0,
                   0.0, 0.0, 0.0, 0.0, 0.0, 0.0, 0.0, 0.0, 0.0, 0.0, 0.0,
                   0.0, 0.0, 0.0, 0.0, 0.0, 0.0, 0.0, 0.0, 0.0, 0.0, 0.0,
                   0.0, 0.0, 0.0, 0.0, 0.0, 0.0, 0.0, 0.0, 0.0, 0.0, 0.0,
                   0.0, 0.0, 0.0, 0.0, 0.0, 0.0, 0.0, 0.0, 0.0, 0.0, 0.0,
                   0.0, 0.0, 0.0, 0.0, 0.0, 0.0, 0.0, 0.0, 0.0, 0.0, 0.0,
                   0.0, 0.0, 0.0, 0.0, 0.0, 0.0, 0.0, 0.0, 0.0, 0.0, 0.0,
                   0.0, 0.0, 0.0, 0.0, 0.0, 0.0, 0.0, 0.0, 0.0, 0.0, 0.0,
                   0.0, 0.0, 0.0, 0.0, 0.0
    s_nrho_t = 101
    s_rho_t_grid = 0.0, 0.01, 0.02, 0.03, 0.04, 0.05, 0.06, 0.07, 0.08,
                   0.09, 0.1, 0.11, 0.12, 0.13, 0.14, 0.15, 0.16, 0.17,
                   0.18, 0.19, 0.2, 0.21, 0.22, 0.23, 0.24, 0.25, 0.26,
                   0.27, 0.28, 0.29, 0.3, 0.31, 0.32, 0.33, 0.34, 0.35,
                   0.36, 0.37, 0.38, 0.39, 0.4, 0.41, 0.42, 0.43, 0.44,
                   0.45, 0.46, 0.47, 0.48, 0.49, 0.5, 0.51, 0.52, 0.53,
                   0.54, 0.55, 0.56, 0.57, 0.58, 0.59, 0.6, 0.61, 0.62,
                   0.63, 0.64, 0.65, 0.66, 0.67, 0.68, 0.69, 0.7, 0.71,
                   0.72, 0.73, 0.74, 0.75, 0.76, 0.77, 0.78, 0.79, 0.8,
                   0.81, 0.82, 0.83, 0.84, 0.85, 0.86, 0.87, 0.88, 0.89,
                   0.9, 0.91, 0.92, 0.93, 0.94, 0.95, 0.96, 0.97, 0.98,
                   0.99, 1.0, 0.0, 0.0, 0.0, 0.0, 0.0, 0.0, 0.0, 0.0, 0.0,
                   0.0, 0.0, 0.0, 0.0, 0.0, 0.0, 0.0, 0.0, 0.0, 0.0, 0.0,
                   0.0, 0.0, 0.0, 0.0, 0.0, 0.0, 0.0, 0.0, 0.0, 0.0, 0.0,
                   0.0, 0.0, 0.0, 0.0, 0.0, 0.0, 0.0, 0.0, 0.0, 0.0, 0.0,
                   0.0, 0.0, 0.0, 0.0, 0.0, 0.0, 0.0, 0.0, 0.0, 0.0, 0.0,
                   0.0, 0.0, 0.0, 0.0, 0.0, 0.0, 0.0, 0.0, 0.0, 0.0, 0.0,
                   0.0, 0.0, 0.0, 0.0, 0.0, 0.0, 0.0, 0.0, 0.0, 0.0, 0.0,
                   0.0, 0.0, 0.0, 0.0, 0.0
    s_t_s = 6.74098969, 6.739420858200967, 6.735489864369244, 6.729973523352899,
            6.72364865, 6.715018400169285, 6.702855466689912, 6.688340969865584,
            6.67265603, 6.655166289134746, 6.634880058977634, 6.612442464331707,
            6.58849863, 6.5625955610254385, 6.534148541141418, 6.503605113186688,
            6.47141282, 6.437225764705488, 6.400624559071052, 6.361946508901089,
            6.32152892, 6.27909157092742, 6.234307094638305, 6.1874420785300375,
            6.13876311, 6.087983869697987, 6.034850801469755, 5.979679637506647,
            5.92278611, 5.863901793059488, 5.8027988950399365, 5.739854099500418,
            5.67544409, 5.609374793321273, 5.5414284349845735, 5.471946146655587,
            5.40126906, 5.329241468722159, 5.255694404356086, 5.180949105311968,
            5.10532681, 5.0286948646533896, 4.950918856384867, 4.872317384923909,
            4.79320905, 4.713454553604477, 4.6329456788575, 4.552047647181774,
            4.47112568, 4.390035407795423, 4.30866192774836, 4.227414661327117,
            4.14670303, 4.066398166343354, 3.986355873539559, 3.906962578965986,
            3.82860471, 3.7512615614840774, 3.6747413418272745, 3.599173848756834,
            3.52468888, 3.451231102373051, 3.3787243745190865, 3.307267281905579,
            3.23695841, 3.1677139720274994, 3.0994733501357876, 3.0323698831761825,
            2.96653691, 2.9018695649262107, 2.8382863239705927, 2.775955538529679,
            2.71504556, 2.655403460987506, 2.596929690575233, 2.5398726648753436,
            2.4844808, 2.430551310636779, 2.377931577457093, 2.326945265548861,
            2.27791604, 2.2305131173101835, 2.184538129333693, 2.140513364190355,
            2.09896111, 2.0592861930253354, 2.021169337408149, 1.9855466780868882,
            1.95335435, 1.923859542356368, 1.8962823287738677, 1.8714881708044337,
            1.85034253, 1.8356576426531257, 1.8251843346129575, 1.8121959517663102,
            1.78996584, 1.6343476617421984, 1.2704159622430653, 0.7652754116223994,
            0.1860306799999999, 0, 0, 0, 0, 0, 0, 0, 0, 0, 0, 0, 0, 0, 0,
            0, 0, 0, 0, 0, 0, 0, 0, 0, 0, 0, 0, 0, 0, 0, 0, 0, 0, 0, 0,
            0, 0, 0, 0, 0, 0, 0, 0, 0, 0, 0, 0, 0, 0, 0, 0, 0, 0, 0, 0,
            0, 0, 0, 0, 0, 0, 0, 0, 0, 0, 0, 0, 0, 0, 0, 0, 0, 0, 0, 0,
            0, 0, 0, 0, 0, 0, 7.25380564, 7.248129941305439, 7.236969456814503,
            7.221975261416317, 7.20479843, 7.181868157962046, 7.15070565819446,
            7.114600031829645, 7.07684038, 7.036532375448205, 6.991750757046471,
            6.944238225121502, 6.89573748, 6.845804612199094, 6.793657243308453,
            6.740530370263586, 6.68765899, 6.635061700099897, 6.582182155994167,
            6.529392941391353, 6.47706664, 6.425263972696293, 6.373793369072888,
            6.322648975913039, 6.27182494, 6.22132062666324, 6.171133516963852,
            6.121254931282541, 6.07167619, 6.0223947330788, 5.973410445499721,
            5.924718315170783, 5.87631333, 5.828192959459626, 5.780355773514701,
            5.7327984108124275, 5.68551751, 5.638510294373342, 5.591774925314011,
            5.545309448597677, 5.49911191, 5.453176369304798, 5.407501594092588,
            5.362092691834083, 5.31695477, 5.272086281185789, 5.22748127479374,
            5.18313825350482, 5.13905572, 5.095227568756273, 5.05165246373584,
            5.008336061847488, 4.96528402, 4.9224893002648615, 4.879947556063756,
            4.837668481330774, 4.79566177, 4.7539205371341335, 4.71243827150933,
            4.671225227629861, 4.63029166, 4.589629013484643, 4.54923073146268,
            4.509110066209379, 4.46928027, 4.429729938451997, 4.390451623467657,
            4.351464511749486, 4.31278779, 4.274408572368826, 4.236316424181178,
            4.198534208902941, 4.16108479, 4.123949402440242, 4.087116830233974,
            4.050621260410719, 4.01449688, 3.97872363334592, 3.943283773117063,
            3.9082149488296745, 3.87355481, 3.839273268016529, 3.805352004306147,
            3.7718463234426913, 3.73881153, 3.706411333539592, 3.6745508026466087,
            3.6428972804303217, 3.61111811, 3.5820904411881695, 3.555003053336033,
            3.52399073381588, 3.48318827, 3.4258144296281006, 3.3467008775145843,
            3.242401746643775, 3.10947117, 2.8933334211362913, 2.561346896565593,
            2.142966913712097, 1.6676487899999999, 0, 0, 0, 0, 0, 0, 0,
            0, 0, 0, 0, 0, 0, 0, 0, 0, 0, 0, 0, 0, 0, 0, 0, 0, 0, 0, 0,
            0, 0, 0, 0, 0, 0, 0, 0, 0, 0, 0, 0, 0, 0, 0, 0, 0, 0, 0, 0,
            0, 0, 0, 0, 0, 0, 0, 0, 0, 0, 0, 0, 0, 0, 0, 0, 0, 0, 0, 0,
            0, 0, 0, 0, 0, 0, 0, 0, 0, 0, 0, 0, 0, 58.03044512, 57.985039530443515,
            57.89575565451602, 57.77580209133053, 57.63838744, 57.45494526369637,
            57.20564526555568, 56.91680025463716, 56.61472304, 56.29225900358564,
            55.93400605637177, 55.55390580097202, 55.16589984, 54.766436897592754,
            54.349257946467624, 53.924242962108686, 53.50127192, 53.08049360079917,
            52.65745724795334, 52.235143531130824, 51.81653312, 51.40211178157034,
            50.9903469525831, 50.581191807304315, 50.17459952, 49.77056501330592,
            49.36906813571082, 48.97003945026033, 48.57340952, 48.1791578646304,
            47.78728356399777, 47.397746521366265, 47.01050664, 46.62554367567701,
            46.24284618811761, 45.86238728649942, 45.48414008, 45.108082354986735,
            44.73419940251209, 44.362475588781415, 43.99289528, 43.62541095443839,
            43.26001275274071, 42.896741534672664, 42.53563816, 42.17669024948631,
            41.81985019834992, 41.46510602803856, 41.11244576, 40.76182055005018,
            40.41321970988672, 40.0666884947799, 39.72227216, 39.37991440211889,
            39.03958044851005, 38.701347850646194, 38.36529416, 38.03136429707307,
            37.69950617207464, 37.36980182103889, 37.04233328, 36.717032107877145,
            36.39384585170144, 36.07288052967503, 35.75424216, 35.437839507615976,
            35.123612987741254, 34.81171609399589, 34.50230232, 34.19526857895061,
            33.89053139344942, 33.588273671223526, 33.28867832, 32.99159521952193,
            32.69693464187179, 32.404970083285754, 32.11597504, 31.82978906676736,
            31.546270184936503, 31.265719590637396, 30.98843848, 30.71418614413223,
            30.442816034449176, 30.17477058754153, 29.91049224, 29.651290668316737,
            29.39640642117287, 29.143178243442573, 28.88894488, 28.656723529505356,
            28.440024426688264, 28.19192587052704, 27.86550616, 27.406515437024805,
            26.773607020116675, 25.9392139731502, 24.87576936, 23.14666736909033,
            20.490775172524742, 17.143735309696776, 13.341190319999999,
            0, 0, 0, 0, 0, 0, 0, 0, 0, 0, 0, 0, 0, 0, 0, 0, 0, 0, 0, 0,
            0, 0, 0, 0, 0, 0, 0, 0, 0, 0, 0, 0, 0, 0, 0, 0, 0, 0, 0, 0,
            0, 0, 0, 0, 0, 0, 0, 0, 0, 0, 0, 0, 0, 0, 0, 0, 0, 0, 0, 0,
            0, 0, 0, 0, 0, 0, 0, 0, 0, 0, 0, 0, 0, 0, 0, 0, 0, 0, 0, 0,
            0, 0, 0, 0, 0, 0, 0, 0, 0, 0, 0, 0, 0, 0, 0, 0, 0, 0, 0, 0,
            0, 0, 0, 0, 0, 0, 0, 0, 0, 0, 0, 0, 0, 0, 0, 0, 0, 0, 0, 0,
            0, 0, 0, 0, 0, 0, 0, 0, 0, 0, 0, 0, 0, 0, 0, 0, 0, 0, 0, 0,
            0, 0, 0, 0, 0, 0, 0, 0, 0, 0, 0, 0, 0, 0, 0, 0, 0, 0, 0, 0,
            0, 0, 0, 0, 0, 0, 0, 0, 0, 0, 0, 0, 0, 0, 0, 0, 0, 0, 0, 0,
            0, 0, 0, 0, 0, 0, 0, 0, 0, 0, 0, 0, 0, 0, 0, 0, 0, 0, 0, 0,
            0, 0, 0, 0, 0, 0, 0, 0, 0, 0, 0, 0, 0, 0, 0, 0, 0, 0, 0, 0,
            0, 0, 0, 0, 0, 0, 0, 0, 0, 0, 0, 0, 0, 0, 0, 0, 0, 0, 0, 0,
            0, 0, 0, 0, 0, 0, 0, 0, 0, 0, 0, 0, 0, 0, 0, 0, 0, 0, 0, 0,
            0, 0, 0, 0, 0, 0, 0, 0, 0, 0, 0, 0, 0, 0, 0, 0, 0, 0, 0, 0,
            0, 0, 0, 0, 0, 0, 0, 0, 0, 0, 0, 0, 0, 0, 0, 0, 0, 0, 0, 0,
            0, 0, 0, 0, 0, 0, 0, 0, 0, 0, 0, 0, 0, 0, 0, 0, 0, 0, 0, 0,
            0, 0, 0, 0, 0, 0, 0, 0, 0, 0, 0, 0, 0, 0, 0, 0, 0, 0, 0, 0,
            0, 0, 0, 0, 0, 0, 0, 0, 0, 0, 0, 0, 0, 0, 0, 0, 0, 0, 0, 0,
            0, 0, 0, 0, 0, 0, 0, 0, 0, 0, 0, 0, 0, 0, 0, 0, 0, 0, 0, 0,
            0, 0, 0, 0, 0, 0, 0, 0, 0, 0, 0, 0, 0, 0, 0, 0, 0, 0, 0, 0,
            0, 0, 0, 0, 0, 0, 0, 0, 0, 0, 0, 0, 0, 0, 0, 0, 0, 0, 0, 0,
            0, 0, 0, 0, 0, 0, 0, 0, 0, 0, 0, 0, 0, 0, 0, 0, 0, 0, 0, 0,
            0, 0, 0, 0, 0, 0, 0, 0, 0, 0, 0, 0, 0, 0, 0, 0, 0, 0, 0, 0,
            0, 0, 0, 0, 0, 0, 0, 0, 0, 0, 0, 0, 0, 0, 0, 0, 0, 0, 0, 0,
            0, 0, 0, 0, 0, 0, 0, 0, 0, 0, 0, 0, 0, 0, 0, 0, 0, 0, 0, 0,
            0, 0, 0, 0
/
