0.000000000000000000e+00
1.250000000000000000e-01
1.767766952966368932e-01
2.165063509461096491e-01
2.500000000000000000e-01
2.795084971874737256e-01
3.061862178478972352e-01
3.307189138830738395e-01
3.535533905932737864e-01
3.750000000000000000e-01
3.952847075210474403e-01
4.145780987944249762e-01
4.330127018922192983e-01
4.506939094329986406e-01
4.677071733467426662e-01
4.841229182759271277e-01
5.000000000000000000e-01
5.153882032022075732e-01
5.303300858899105963e-01
5.448623679425842470e-01
5.590169943749474513e-01
5.728219618694799786e-01
5.863019699779287164e-01
5.994789404140898892e-01
6.123724356957944703e-01
6.250000000000000000e-01
6.373774391990980615e-01
6.495190528383290030e-01
6.614378277661476790e-01
6.731456008918129674e-01
6.846531968814576485e-01
6.959705453537526898e-01
7.071067811865475727e-01
7.180703308172535770e-01
7.288689868556625928e-01
7.395099728874520162e-01
7.500000000000000000e-01
7.603453162872774174e-01
7.705517503711220018e-01
7.806247497997997886e-01
7.905694150420948807e-01
8.003905296791060664e-01
8.100925873009825473e-01
8.196798155377500450e-01
8.291561975888499525e-01
8.385254915624211769e-01
8.477912478906585170e-01
8.569568250501304885e-01
8.660254037844385966e-01
8.750000000000000000e-01
8.838834764831844382e-01
8.926785535678563033e-01
9.013878188659972812e-01
9.100137361600647568e-01
9.185586535436918165e-01
9.270248108869578729e-01
9.354143466934853324e-01
9.437293044088437277e-01
9.519716382329885818e-01
9.601432184835759776e-01
9.682458365518542553e-01
9.762812094883317471e-01
9.842509842514763907e-01
9.921567416492215186e-01
1.000000000000000000e+00
