0.000000000000000000e+00
9.645167147135924601e-02
1.367727785408026642e-01
1.679234308384156271e-01
1.943869134324056891e-01
2.178880082641714289e-01
2.393232149248803453e-01
2.592011659742584073e-01
2.778488175678681671e-01
2.955078083091934871e-01
3.123454972272282082e-01
3.284967518183438129e-01
3.440626775094460243e-01
3.591207066655183744e-01
3.737377573353579119e-01
3.879689458419579573e-01
4.018574358014307957e-01
4.154411688969429917e-01
4.287550003359468787e-01
4.418268343166610879e-01
4.546803424824656936e-01
4.673380495809019153e-01
4.798205943369430737e-01
4.921452257344219317e-01
5.043268968341199088e-01
5.163803326850987530e-01
5.283195678364916992e-01
5.401566585344392823e-01
5.519022478976143287e-01
5.635669742791370451e-01
5.751612898379012684e-01
5.866946053151665952e-01
5.981753798083317974e-01
6.096120293634637033e-01
6.210131395258227105e-01
6.323867622740675376e-01
6.437402990405255432e-01
6.550812908801539880e-01
6.664173356505289636e-01
6.777560480168418611e-01
6.891048080842798740e-01
7.004710551281769781e-01
7.118625636915774102e-01
7.232872648123837012e-01
7.347532758009150955e-01
7.462690459098346718e-01
7.578436159599684085e-01
7.694860940971731678e-01
7.812064679679374679e-01
7.930155579993863890e-01
8.049249638165084653e-01
8.169477221387677623e-01
8.290988625869114559e-01
8.413952464518396068e-01
8.538563443034924427e-01
8.665044993077538615e-01
8.793665176466328726e-01
8.924737347826812162e-01
9.058640504746386934e-01
9.195912431386248365e-01
9.337272835838933416e-01
9.483740235190982748e-01
9.636983631754995061e-01
9.800363827536276995e-01
1.000000000000000000e+00
