&aorsa2din
    eqdsk = 'eqdsk'
    netcdf_file1 = 'cql3d.nc'
    netcdf_file2 = 'cql3d.nc'
    root = 'none'
    nmodesx = 128
    nmodesy = 128
    nprow = 32
    npcol = 32
    lmax = 9
    lmaxe = 1
    prfin = 600000.0
    freqcy = 96000000.0
    nstrap = 2
    i_antenna = 0
    rant = 1.12
    yant = 0
    antlen = 0.4
    xlt = 0.094
    wd = 0.244
    dpsiant0 = 0.025
    antlc = 5
    nphi_number = 1
    nphi_array = -11
    phase_array = 0.0, 180.0, 0.0, 180.0
    enorm_factor = 0.0
    nuper = 150
    nupar = 300
    use_new_wdot = .true.
    nzeta_wdote = 51
    nzeta_wdoti = 51
    z2_electron = 1
    upshift = 1
    xkperp_cutoff = 0.5
    damping = 100.0
    delta0 = 4e-05
    psilim = 0.999
    ytop = 1.07
    ybottom = -1.26
    rwright = 2.317
    rwleft = 1.022
    n_prof_flux = 1
    iprofile = 5
    ndisti1 = 0
    amu1 = 2
    z1 = 1
    ndisti2 = 0
    amu2 = 2
    z2 = 1
/

&state
    s_t0 = 0.0
    s_t1 = 0.0
    s_r_axis = 0.0
    s_z_axis = 0.0
    s_r0_mach = 0.0
    s_z0_mach = 0.0
    s_r_min = 0.0
    s_r_max = 0.0
    s_z_min = 0.0
    s_z_max = 0.0
    s_nspec = 0
    s_nspec_th = 2
    s_s_name = 'e', 'D', 'Dfast'
    s_q_s = -1.6022e-19, 1.6022e-19, 1.6022e-19
    s_m_s = 9.11e-31, 3.3687870052e-27, 3.3687870052e-27
    s_nrho_n = 101
    s_rho_n_grid = 0.0, 0.01, 0.02, 0.03, 0.04, 0.05, 0.06, 0.07, 0.08,
                   0.09, 0.1, 0.11, 0.12, 0.13, 0.14, 0.15, 0.16, 0.17,
                   0.18, 0.19, 0.2, 0.21, 0.22, 0.23, 0.24, 0.25, 0.26,
                   0.27, 0.28, 0.29, 0.3, 0.31, 0.32, 0.33, 0.34, 0.35,
                   0.36, 0.37, 0.38, 0.39, 0.4, 0.41, 0.42, 0.43, 0.44,
                   0.45, 0.46, 0.47, 0.48, 0.49, 0.5, 0.51, 0.52, 0.53,
                   0.54, 0.55, 0.56, 0.57, 0.58, 0.59, 0.6, 0.61, 0.62,
                   0.63, 0.64, 0.65, 0.66, 0.67, 0.68, 0.69, 0.7, 0.71,
                   0.72, 0.73, 0.74, 0.75, 0.76, 0.77, 0.78, 0.79, 0.8,
                   0.81, 0.82, 0.83, 0.84, 0.85, 0.86, 0.87, 0.88, 0.89,
                   0.9, 0.91, 0.92, 0.93, 0.94, 0.95, 0.96, 0.97, 0.98,
                   0.99, 1.0, 0.0, 0.0, 0.0, 0.0, 0.0, 0.0, 0.0, 0.0, 0.0,
                   0.0, 0.0, 0.0, 0.0, 0.0, 0.0, 0.0, 0.0, 0.0, 0.0, 0.0,
                   0.0, 0.0, 0.0, 0.0, 0.0, 0.0, 0.0, 0.0, 0.0, 0.0, 0.0,
                   0.0, 0.0, 0.0, 0.0, 0.0, 0.0, 0.0, 0.0, 0.0, 0.0, 0.0,
                   0.0, 0.0, 0.0, 0.0, 0.0, 0.0, 0.0, 0.0, 0.0, 0.0, 0.0,
                   0.0, 0.0, 0.0, 0.0, 0.0, 0.0, 0.0, 0.0, 0.0, 0.0, 0.0,
                   0.0, 0.0, 0.0, 0.0, 0.0, 0.0, 0.0, 0.0, 0.0, 0.0, 0.0,
                   0.0, 0.0, 0.0, 0.0, 0.0
    s_n_s = 6e+19, 5.998735620695479e+19, 5.995724358919771e+19, 5.99153218184275e+19,
            5.986725056634288e+19, 5.980190446509446e+19, 5.971041492241262e+19,
            5.960182677336579e+19, 5.948518485302237e+19, 5.935627986902763e+19,
            5.920804261972606e+19, 5.90452280762349e+19, 5.887259120967139e+19,
            5.868730214722412e+19, 5.8485528427617485e+19, 5.827052113927253e+19,
            5.80455313706103e+19, 5.780853323293488e+19, 5.75569883888462e+19,
            5.729337925370905e+19, 5.702018824288829e+19, 5.67358758436673e+19,
            5.643862507599179e+19, 5.6130502154220085e+19, 5.581357329271045e+19,
            5.548643782012891e+19, 5.5147793841160495e+19, 5.479985573419202e+19,
            5.444483787761028e+19, 5.408158351040442e+19, 5.370899493816114e+19,
            5.332937513916359e+19, 5.2945027091694944e+19, 5.255492082620724e+19,
            5.215815481411773e+19, 5.175722469515738e+19, 5.13546261090572e+19,
            5.094941179518843e+19, 5.05407458700153e+19, 5.013129103890824e+19,
            4.972371000723766e+19, 4.931710635163631e+19, 4.891058912448596e+19,
            4.850682924478056e+19, 4.810849763151402e+19, 4.771454089202833e+19,
            4.732399007731451e+19, 4.693964277183994e+19, 4.6564296560072016e+19,
            4.619691685410524e+19, 4.583617349451678e+19, 4.5484420708498014e+19,
            4.514401272324039e+19, 4.481345132398676e+19, 4.449139910883059e+19,
            4.4180451524239024e+19, 4.388320401667927e+19, 4.359774857493317e+19,
            4.332227893412036e+19, 4.305954316021468e+19, 4.281228931918998e+19,
            4.2577377065426534e+19, 4.235272595539739e+19, 4.214267390821553e+19,
            4.195155884299396e+19, 4.177339840314057e+19, 4.160499758024026e+19,
            4.145487531567149e+19, 4.133155055081277e+19, 4.122047804429083e+19,
            4.111517700847147e+19, 4.103626306534173e+19, 4.100435183688871e+19,
            4.100300152818365e+19, 4.100203024528718e+19, 4.100144346167047e+19,
            4.100124665080464e+19, 4.102472380673352e+19, 4.107746067759943e+19,
            4.113291536802133e+19, 4.116454598261814e+19, 4.1174580158877204e+19,
            4.1182522684956066e+19, 4.118774739147894e+19, 4.118962810907007e+19,
            4.113523778443271e+19, 4.098960838092863e+19, 4.077905225416988e+19,
            4.052988175976845e+19, 4.016999124419122e+19, 3.962638700699314e+19,
            3.89240493334183e+19, 3.808795850871087e+19, 3.696895805893634e+19,
            3.5440700493192413e+19, 3.3562379571271496e+19, 3.1393189052966003e+19,
            2.8690925401379697e+19, 2.526558408709834e+19, 2.125465738113738e+19,
            1.6795637554512267e+19, 0, 0, 0, 0, 0, 0, 0, 0, 0, 0, 0, 0,
            0, 0, 0, 0, 0, 0, 0, 0, 0, 0, 0, 0, 0, 0, 0, 0, 0, 0, 0, 0,
            0, 0, 0, 0, 0, 0, 0, 0, 0, 0, 0, 0, 0, 0, 0, 0, 0, 0, 0, 0,
            0, 0, 0, 0, 0, 0, 0, 0, 0, 0, 0, 0, 0, 0, 0, 0, 0, 0, 0, 0,
            0, 0, 0, 0, 0, 0, 0, 0, 6e+19, 5.998735620695479e+19, 5.995724358919771e+19,
            5.99153218184275e+19, 5.986725056634288e+19, 5.980190446509446e+19,
            5.971041492241262e+19, 5.960182677336579e+19, 5.948518485302237e+19,
            5.935627986902763e+19, 5.920804261972606e+19, 5.90452280762349e+19,
            5.887259120967139e+19, 5.868730214722412e+19, 5.8485528427617485e+19,
            5.827052113927253e+19, 5.80455313706103e+19, 5.780853323293488e+19,
            5.75569883888462e+19, 5.729337925370905e+19, 5.702018824288829e+19,
            5.67358758436673e+19, 5.643862507599179e+19, 5.6130502154220085e+19,
            5.581357329271045e+19, 5.548643782012891e+19, 5.5147793841160495e+19,
            5.479985573419202e+19, 5.444483787761028e+19, 5.408158351040442e+19,
            5.370899493816114e+19, 5.332937513916359e+19, 5.2945027091694944e+19,
            5.255492082620724e+19, 5.215815481411773e+19, 5.175722469515738e+19,
            5.13546261090572e+19, 5.094941179518843e+19, 5.05407458700153e+19,
            5.013129103890824e+19, 4.972371000723766e+19, 4.931710635163631e+19,
            4.891058912448596e+19, 4.850682924478056e+19, 4.810849763151402e+19,
            4.771454089202833e+19, 4.732399007731451e+19, 4.693964277183994e+19,
            4.6564296560072016e+19, 4.619691685410524e+19, 4.583617349451678e+19,
            4.5484420708498014e+19, 4.514401272324039e+19, 4.481345132398676e+19,
            4.449139910883059e+19, 4.4180451524239024e+19, 4.388320401667927e+19,
            4.359774857493317e+19, 4.332227893412036e+19, 4.305954316021468e+19,
            4.281228931918998e+19, 4.2577377065426534e+19, 4.235272595539739e+19,
            4.214267390821553e+19, 4.195155884299396e+19, 4.177339840314057e+19,
            4.160499758024026e+19, 4.145487531567149e+19, 4.133155055081277e+19,
            4.122047804429083e+19, 4.111517700847147e+19, 4.103626306534173e+19,
            4.100435183688871e+19, 4.100300152818365e+19, 4.100203024528718e+19,
            4.100144346167047e+19, 4.100124665080464e+19, 4.102472380673352e+19,
            4.107746067759943e+19, 4.113291536802133e+19, 4.116454598261814e+19,
            4.1174580158877204e+19, 4.1182522684956066e+19, 4.118774739147894e+19,
            4.118962810907007e+19, 4.113523778443271e+19, 4.098960838092863e+19,
            4.077905225416988e+19, 4.052988175976845e+19, 4.016999124419122e+19,
            3.962638700699314e+19, 3.89240493334183e+19, 3.808795850871087e+19,
            3.696895805893634e+19, 3.5440700493192413e+19, 3.3562379571271496e+19,
            3.1393189052966003e+19, 2.8690925401379697e+19, 2.526558408709834e+19,
            2.125465738113738e+19, 1.6795637554512267e+19, 0, 0, 0, 0, 0,
            0, 0, 0, 0, 0, 0, 0, 0, 0, 0, 0, 0, 0, 0, 0, 0, 0, 0, 0, 0,
            0, 0, 0, 0, 0, 0, 0, 0, 0, 0, 0, 0, 0, 0, 0, 0, 0, 0, 0, 0,
            0, 0, 0, 0, 0, 0, 0, 0, 0, 0, 0, 0, 0, 0, 0, 0, 0, 0, 0, 0,
            0, 0, 0, 0, 0, 0, 0, 0, 0, 0, 0, 0, 0, 0, 0, 6e+18, 5.998735620695479e+18,
            5.995724358919771e+18, 5.99153218184275e+18, 5.986725056634288e+18,
            5.980190446509447e+18, 5.971041492241263e+18, 5.960182677336578e+18,
            5.948518485302237e+18, 5.935627986902762e+18, 5.920804261972606e+18,
            5.90452280762349e+18, 5.887259120967139e+18, 5.868730214722412e+18,
            5.848552842761748e+18, 5.827052113927253e+18, 5.804553137061031e+18,
            5.780853323293489e+18, 5.755698838884619e+18, 5.729337925370907e+18,
            5.702018824288829e+18, 5.673587584366729e+18, 5.643862507599181e+18,
            5.613050215422009e+18, 5.581357329271046e+18, 5.548643782012892e+18,
            5.51477938411605e+18, 5.479985573419202e+18, 5.444483787761028e+18,
            5.408158351040442e+18, 5.370899493816114e+18, 5.33293751391636e+18,
            5.294502709169495e+18, 5.255492082620724e+18, 5.215815481411773e+18,
            5.17572246951574e+18, 5.13546261090572e+18, 5.094941179518843e+18,
            5.054074587001531e+18, 5.013129103890825e+18, 4.972371000723766e+18,
            4.931710635163632e+18, 4.891058912448598e+18, 4.850682924478056e+18,
            4.810849763151402e+18, 4.771454089202832e+18, 4.732399007731451e+18,
            4.693964277183993e+18, 4.656429656007202e+18, 4.619691685410524e+18,
            4.583617349451677e+18, 4.5484420708498017e+18, 4.5144012723240387e+18,
            4.481345132398677e+18, 4.449139910883059e+18, 4.418045152423903e+18,
            4.3883204016679276e+18, 4.359774857493318e+18, 4.3322278934120366e+18,
            4.3059543160214687e+18, 4.281228931918998e+18, 4.257737706542653e+18,
            4.2352725955397386e+18, 4.214267390821553e+18, 4.195155884299396e+18,
            4.1773398403140567e+18, 4.160499758024025e+18, 4.145487531567149e+18,
            4.1331550550812774e+18, 4.122047804429083e+18, 4.111517700847147e+18,
            4.1036263065341737e+18, 4.1004351836888714e+18, 4.1003001528183654e+18,
            4.100203024528719e+18, 4.100144346167047e+18, 4.1001246650804644e+18,
            4.1024723806733517e+18, 4.1077460677599437e+18, 4.113291536802133e+18,
            4.1164545982618143e+18, 4.117458015887721e+18, 4.118252268495607e+18,
            4.118774739147895e+18, 4.1189628109070075e+18, 4.113523778443271e+18,
            4.098960838092864e+18, 4.077905225416988e+18, 4.0529881759768453e+18,
            4.0169991244191227e+18, 3.962638700699313e+18, 3.89240493334183e+18,
            3.808795850871087e+18, 3.6968958058936335e+18, 3.5440700493192417e+18,
            3.3562379571271496e+18, 3.1393189052966006e+18, 2.8690925401379697e+18,
            2.526558408709834e+18, 2.1254657381137385e+18, 1.679563755451227e+18,
            0, 0, 0, 0, 0, 0, 0, 0, 0, 0, 0, 0, 0, 0, 0, 0, 0, 0, 0, 0,
            0, 0, 0, 0, 0, 0, 0, 0, 0, 0, 0, 0, 0, 0, 0, 0, 0, 0, 0, 0,
            0, 0, 0, 0, 0, 0, 0, 0, 0, 0, 0, 0, 0, 0, 0, 0, 0, 0, 0, 0,
            0, 0, 0, 0, 0, 0, 0, 0, 0, 0, 0, 0, 0, 0, 0, 0, 0, 0, 0, 0,
            0, 0, 0, 0, 0, 0, 0, 0, 0, 0, 0, 0, 0, 0, 0, 0, 0, 0, 0, 0,
            0, 0, 0, 0, 0, 0, 0, 0, 0, 0, 0, 0, 0, 0, 0, 0, 0, 0, 0, 0,
            0, 0, 0, 0, 0, 0, 0, 0, 0, 0, 0, 0, 0, 0, 0, 0, 0, 0, 0, 0,
            0, 0, 0, 0, 0, 0, 0, 0, 0, 0, 0, 0, 0, 0, 0, 0, 0, 0, 0, 0,
            0, 0, 0, 0, 0, 0, 0, 0, 0, 0, 0, 0, 0, 0, 0, 0, 0, 0, 0, 0,
            0, 0, 0, 0, 0, 0, 0, 0, 0, 0, 0, 0, 0, 0, 0, 0, 0, 0, 0, 0,
            0, 0, 0, 0, 0, 0, 0, 0, 0, 0, 0, 0, 0, 0, 0, 0, 0, 0, 0, 0,
            0, 0, 0, 0, 0, 0, 0, 0, 0, 0, 0, 0, 0, 0, 0, 0, 0, 0, 0, 0,
            0, 0, 0, 0, 0, 0, 0, 0, 0, 0, 0, 0, 0, 0, 0, 0, 0, 0, 0, 0,
            0, 0, 0, 0, 0, 0, 0, 0, 0, 0, 0, 0, 0, 0, 0, 0, 0, 0, 0, 0,
            0, 0, 0, 0, 0, 0, 0, 0, 0, 0, 0, 0, 0, 0, 0, 0, 0, 0, 0, 0,
            0, 0, 0, 0, 0, 0, 0, 0, 0, 0, 0, 0, 0, 0, 0, 0, 0, 0, 0, 0,
            0, 0, 0, 0, 0, 0, 0, 0, 0, 0, 0, 0, 0, 0, 0, 0, 0, 0, 0, 0,
            0, 0, 0, 0, 0, 0, 0, 0, 0, 0, 0, 0, 0, 0, 0, 0, 0, 0, 0, 0,
            0, 0, 0, 0, 0, 0, 0, 0, 0, 0, 0, 0, 0, 0, 0, 0, 0, 0, 0, 0,
            0, 0, 0, 0, 0, 0, 0, 0, 0, 0, 0, 0, 0, 0, 0, 0, 0, 0, 0, 0,
            0, 0, 0, 0, 0, 0, 0, 0, 0, 0, 0, 0, 0, 0, 0, 0, 0, 0, 0, 0,
            0, 0, 0, 0, 0, 0, 0, 0, 0, 0, 0, 0, 0, 0, 0, 0, 0, 0, 0, 0,
            0, 0, 0, 0, 0, 0, 0, 0, 0, 0, 0, 0, 0, 0, 0, 0, 0, 0, 0, 0,
            0, 0, 0, 0, 0, 0, 0, 0, 0, 0, 0, 0, 0, 0, 0, 0, 0, 0, 0, 0,
            0, 0, 0, 0, 0, 0, 0, 0, 0, 0, 0, 0, 0, 0, 0, 0, 0, 0, 0, 0,
            0, 0, 0, 0
    s_zeff = 2.5, 2.5, 2.5, 2.5, 2.5, 2.5, 2.5, 2.5, 2.5, 2.5, 2.5, 2.5,
             2.5, 2.5, 2.5, 2.5, 2.5, 2.5, 2.5, 2.5, 2.5, 2.5, 2.5, 2.5,
             2.5, 2.5, 2.5, 2.5, 2.5, 2.5, 2.5, 2.5, 2.5, 2.5, 2.5, 2.5,
             2.5, 2.5, 2.5, 2.5, 2.5, 2.5, 2.5, 2.5, 2.5, 2.5, 2.5, 2.5,
             2.5, 2.5, 2.5, 2.5, 2.5, 2.5, 2.5, 2.5, 2.5, 2.5, 2.5, 2.5,
             2.5, 2.5, 2.5, 2.5, 2.5, 2.5, 2.5, 2.5, 2.5, 2.5, 2.5, 2.5,
             2.5, 2.5, 2.5, 2.5, 2.5, 2.5, 2.5, 2.5, 2.5, 2.5, 2.5, 2.5,
             2.5, 2.5, 2.5, 2.5, 2.5, 2.5, 2.5, 2.5, 2.5, 2.5, 2.5, 2.5,
             2.5, 2.5, 2.5, 2.5, 2.5, 0.0, 0.0, 0.0, 0.0, 0.0, 0.0, 0.0,
             0.0, 0.0, 0.0, 0.0, 0.0, 0.0, 0.0, 0.0, 0.0, 0.0, 0.0, 0.0,
             0.0, 0.0, 0.0, 0.0, 0.0, 0.0, 0.0, 0.0, 0.0, 0.0, 0.0, 0.0,
             0.0, 0.0, 0.0, 0.0, 0.0, 0.0, 0.0, 0.0, 0.0, 0.0, 0.0, 0.0,
             0.0, 0.0, 0.0, 0.0, 0.0, 0.0, 0.0, 0.0, 0.0, 0.0, 0.0, 0.0,
             0.0, 0.0, 0.0, 0.0, 0.0, 0.0, 0.0, 0.0, 0.0, 0.0, 0.0, 0.0,
             0.0, 0.0, 0.0, 0.0, 0.0, 0.0, 0.0, 0.0, 0.0, 0.0, 0.0, 0.0,
             0.0
    s_m_impurity = 0.0, 0.0, 0.0, 0.0, 0.0, 0.0, 0.0, 0.0, 0.0, 0.0, 0.0,
                   0.0, 0.0, 0.0, 0.0, 0.0, 0.0, 0.0, 0.0, 0.0, 0.0, 0.0,
                   0.0, 0.0, 0.0, 0.0, 0.0, 0.0, 0.0, 0.0, 0.0, 0.0, 0.0,
                   0.0, 0.0, 0.0, 0.0, 0.0, 0.0, 0.0, 0.0, 0.0, 0.0, 0.0,
                   0.0, 0.0, 0.0, 0.0, 0.0, 0.0, 0.0, 0.0, 0.0, 0.0, 0.0,
                   0.0, 0.0, 0.0, 0.0, 0.0, 0.0, 0.0, 0.0, 0.0, 0.0, 0.0,
                   0.0, 0.0, 0.0, 0.0, 0.0, 0.0, 0.0, 0.0, 0.0, 0.0, 0.0,
                   0.0, 0.0, 0.0, 0.0, 0.0, 0.0, 0.0, 0.0, 0.0, 0.0, 0.0,
                   0.0, 0.0, 0.0, 0.0, 0.0, 0.0, 0.0, 0.0, 0.0, 0.0, 0.0,
                   0.0, 0.0, 0.0, 0.0, 0.0, 0.0, 0.0, 0.0, 0.0, 0.0, 0.0,
                   0.0, 0.0, 0.0, 0.0, 0.0, 0.0, 0.0, 0.0, 0.0, 0.0, 0.0,
                   0.0, 0.0, 0.0, 0.0, 0.0, 0.0, 0.0, 0.0, 0.0, 0.0, 0.0,
                   0.0, 0.0, 0.0, 0.0, 0.0, 0.0, 0.0, 0.0, 0.0, 0.0, 0.0,
                   0.0, 0.0, 0.0, 0.0, 0.0, 0.0, 0.0, 0.0, 0.0, 0.0, 0.0,
                   0.0, 0.0, 0.0, 0.0, 0.0, 0.0, 0.0, 0.0, 0.0, 0.0, 0.0,
                   0.0, 0.0, 0.0, 0.0, 0.0, 0.0, 0.0, 0.0, 0.0, 0.0, 0.0,
                   0.0, 0.0, 0.0, 0.0, 0.0
    s_nrho_t = 101
    s_rho_t_grid = 0.0, 0.01, 0.02, 0.03, 0.04, 0.05, 0.06, 0.07, 0.08,
                   0.09, 0.1, 0.11, 0.12, 0.13, 0.14, 0.15, 0.16, 0.17,
                   0.18, 0.19, 0.2, 0.21, 0.22, 0.23, 0.24, 0.25, 0.26,
                   0.27, 0.28, 0.29, 0.3, 0.31, 0.32, 0.33, 0.34, 0.35,
                   0.36, 0.37, 0.38, 0.39, 0.4, 0.41, 0.42, 0.43, 0.44,
                   0.45, 0.46, 0.47, 0.48, 0.49, 0.5, 0.51, 0.52, 0.53,
                   0.54, 0.55, 0.56, 0.57, 0.58, 0.59, 0.6, 0.61, 0.62,
                   0.63, 0.64, 0.65, 0.66, 0.67, 0.68, 0.69, 0.7, 0.71,
                   0.72, 0.73, 0.74, 0.75, 0.76, 0.77, 0.78, 0.79, 0.8,
                   0.81, 0.82, 0.83, 0.84, 0.85, 0.86, 0.87, 0.88, 0.89,
                   0.9, 0.91, 0.92, 0.93, 0.94, 0.95, 0.96, 0.97, 0.98,
                   0.99, 1.0, 0.0, 0.0, 0.0, 0.0, 0.0, 0.0, 0.0, 0.0, 0.0,
                   0.0, 0.0, 0.0, 0.0, 0.0, 0.0, 0.0, 0.0, 0.0, 0.0, 0.0,
                   0.0, 0.0, 0.0, 0.0, 0.0, 0.0, 0.0, 0.0, 0.0, 0.0, 0.0,
                   0.0, 0.0, 0.0, 0.0, 0.0, 0.0, 0.0, 0.0, 0.0, 0.0, 0.0,
                   0.0, 0.0, 0.0, 0.0, 0.0, 0.0, 0.0, 0.0, 0.0, 0.0, 0.0,
                   0.0, 0.0, 0.0, 0.0, 0.0, 0.0, 0.0, 0.0, 0.0, 0.0, 0.0,
                   0.0, 0.0, 0.0, 0.0, 0.0, 0.0, 0.0, 0.0, 0.0, 0.0, 0.0,
                   0.0, 0.0, 0.0, 0.0, 0.0
    s_t_s = 4.44281, 4.441617849659877, 4.4387196824263375, 4.434671673979631,
            4.43003, 4.423709136027892, 4.414834977593718, 4.404280830362685,
            4.39292, 4.380327149666366, 4.365802135817085, 4.349806054059262,
            4.3328, 4.3144895887042525, 4.29448374488562, 4.273098528624179,
            4.25065, 4.226920218074634, 4.201641246311213, 4.175054151392184,
            4.1474, 4.118510274008774, 4.088184721424674, 4.056616808128237,
            4.024, 3.9901749282461023, 3.954993242240232, 3.918664935114246,
            3.8814, 3.8430667942536694, 3.803535536074208, 3.763019009857642,
            3.72173, 3.6795523799512533, 3.636380670082847, 3.5924436251730167,
            3.54797, 3.50286101815697, 3.4570242121304506, 3.4106978000387063,
            3.36412, 3.317206910331327, 3.269874182189637, 3.2223593629531293,
            3.1749, 3.127425048144599, 3.079852580737639, 3.032403822961859,
            2.9853, 2.938490257672427, 2.891889134287123, 2.845665943758258,
            2.79999, 2.7548190542505617, 2.710078360403062, 2.6658884863540315,
            2.62237, 2.579492370390589, 2.5371889242492585, 2.4955260159832995,
            2.45457, 2.414270569573467, 2.3745861372354526, 2.3355961362797117,
            2.29738, 2.2598530760184476, 2.222971762226306, 2.186877067321011,
            2.15171, 2.1173316735879606, 2.083671546864284, 2.0509731467084658,
            2.01948, 1.9889849507557558, 1.9593533797069722, 1.930937618804703,
            1.90409, 1.8789056226327365, 1.8550194307928662, 1.8320935235565627,
            1.80979, 1.7886385291015279, 1.7685552096287087, 1.748281785341535,
            1.72656, 1.7039173325862307, 1.6805866048453326, 1.6548675746817685,
            1.62506, 1.5904872621545365, 1.5503262933848134, 1.5026571779226838,
            1.44556, 1.3729322646771354, 1.2801172202147053, 1.1673635656449222,
            1.03492, 0.8657930097783888, 0.6490178142474567, 0.39388621159279624,
            0.10969000000000004, 0, 0, 0, 0, 0, 0, 0, 0, 0, 0, 0, 0, 0,
            0, 0, 0, 0, 0, 0, 0, 0, 0, 0, 0, 0, 0, 0, 0, 0, 0, 0, 0, 0,
            0, 0, 0, 0, 0, 0, 0, 0, 0, 0, 0, 0, 0, 0, 0, 0, 0, 0, 0, 0,
            0, 0, 0, 0, 0, 0, 0, 0, 0, 0, 0, 0, 0, 0, 0, 0, 0, 0, 0, 0,
            0, 0, 0, 0, 0, 0, 0, 5.92375, 5.922160466213169, 5.918296243235118,
            5.912898898639507, 5.90671, 5.89828231792914, 5.886450334281274,
            5.87237818349277, 5.85723, 5.840437817462616, 5.821068168266425,
            5.7997369349370205, 5.77706, 5.752645649227069, 5.7259720561711465,
            5.697459935029652, 5.66753, 5.635891741198744, 5.602188247104577,
            5.5667406294581205, 5.52987, 5.491351479474385, 5.4509182100487745,
            5.408828335598776, 5.36534, 5.320240948250692, 5.273333213549808,
            5.224896372074021, 5.17521, 5.124098031379299, 5.071387695659041,
            5.017363512109264, 4.96231, 4.906072811627391, 4.848510834305371,
            4.789928439830665, 4.73063, 4.670483291427621, 4.609365449050057,
            4.547594882147466, 4.48549, 4.4229396355724395, 4.359830764869688,
            4.2964790117320915, 4.2332, 4.1698980241015615, 4.106464664020056,
            4.043196471928523, 3.98039, 3.9179784618832225, 3.855846826144596,
            3.7942192773336716, 3.73332, 3.673091971871376, 3.6134365050688646,
            3.5545152857319215, 3.49649, 3.4393201349532583, 3.3829162834249455,
            3.327366790184161, 3.27276, 3.2190291265308963, 3.166118661148541,
            3.114133865191915, 3.06318, 3.0131439183810675, 2.963967928379412,
            2.9158404741880504, 2.86895, 2.823111219515439, 2.77822992149656,
            2.7346311627294013, 2.69264, 2.651980644992599, 2.6124732324287727,
            2.574586703650561, 2.53879, 2.505209459544895, 2.473359036092442,
            2.442789094593768, 2.41305, 2.384848444585579, 2.358071901719149,
            2.331041907993144, 2.30208, 2.2718888518065947, 2.240779291080155,
            2.2064850848136377, 2.16674, 2.1206427429722248, 2.067095749682145,
            2.003538381550992, 1.92741, 1.8305734734959893, 1.7068200304431411,
            1.5564815721687213, 1.37989, 1.154387346371185, 0.865353752329942,
            0.5251782821237283, 0.14625000000000005, 0, 0, 0, 0, 0, 0, 0,
            0, 0, 0, 0, 0, 0, 0, 0, 0, 0, 0, 0, 0, 0, 0, 0, 0, 0, 0, 0,
            0, 0, 0, 0, 0, 0, 0, 0, 0, 0, 0, 0, 0, 0, 0, 0, 0, 0, 0, 0,
            0, 0, 0, 0, 0, 0, 0, 0, 0, 0, 0, 0, 0, 0, 0, 0, 0, 0, 0, 0,
            0, 0, 0, 0, 0, 0, 0, 0, 0, 0, 0, 0, 0, 47.39, 47.377283729705354,
            47.346369945880944, 47.303191189116056, 47.25368, 47.18625854343312,
            47.09160267425019, 46.97902546794216, 46.85784, 46.72350253970093,
            46.5685453461314, 46.397895479496164, 46.21648, 46.02116519381655,
            45.80777644936917, 45.57967948023722, 45.34024, 45.08713392958995,
            44.817505976836614, 44.533925035664964, 44.23896, 43.93081183579508,
            43.607345680390196, 43.27062668479021, 42.92272, 42.56192758600554,
            42.186665708398465, 41.799170976592166, 41.40168, 40.992784251034394,
            40.57110156527233, 40.13890809687411, 39.69848, 39.24858249301913,
            38.788086674442965, 38.31942751864532, 37.84504, 37.363866331420965,
            36.87492359240046, 36.38075905717973, 35.88392, 35.383517084579516,
            34.878646118957505, 34.37183209385673, 33.8656, 33.35918419281249,
            32.851717312160446, 32.34557177542818, 31.84312, 31.34382769506578,
            30.846774609156768, 30.353754218669373, 29.86656, 29.38473577497101,
            28.907492040550917, 28.436122285855372, 27.97192, 27.514561079626066,
            27.063330267399564, 26.618934321473287, 26.18208, 25.75223301224717,
            25.328949289188326, 24.91307092153532, 24.50544, 24.10515134704854,
            23.711743427035294, 23.326723793504403, 22.9516, 22.584889756123513,
            22.22583937197248, 21.87704930183521, 21.54112, 21.21584515994079,
            20.89978585943018, 20.596693629204488, 20.31032, 20.04167567635916,
            19.786872288739534, 19.542312756750142, 19.3044, 19.07878755668463,
            18.86457521375319, 18.648335263945153, 18.41664, 18.175110814452758,
            17.92623432864124, 17.6518806785091, 17.33392, 16.965141943777798,
            16.53676599745716, 16.028307052407936, 15.41928, 14.644587787967914,
            13.654560243545129, 12.45185257734977, 11.03912, 9.23509877096948,
            6.922830018639536, 4.201426256989826, 1.1700000000000004, 0,
            0, 0, 0, 0, 0, 0, 0, 0, 0, 0, 0, 0, 0, 0, 0, 0, 0, 0, 0, 0,
            0, 0, 0, 0, 0, 0, 0, 0, 0, 0, 0, 0, 0, 0, 0, 0, 0, 0, 0, 0,
            0, 0, 0, 0, 0, 0, 0, 0, 0, 0, 0, 0, 0, 0, 0, 0, 0, 0, 0, 0,
            0, 0, 0, 0, 0, 0, 0, 0, 0, 0, 0, 0, 0, 0, 0, 0, 0, 0, 0, 0,
            0, 0, 0, 0, 0, 0, 0, 0, 0, 0, 0, 0, 0, 0, 0, 0, 0, 0, 0, 0,
            0, 0, 0, 0, 0, 0, 0, 0, 0, 0, 0, 0, 0, 0, 0, 0, 0, 0, 0, 0,
            0, 0, 0, 0, 0, 0, 0, 0, 0, 0, 0, 0, 0, 0, 0, 0, 0, 0, 0, 0,
            0, 0, 0, 0, 0, 0, 0, 0, 0, 0, 0, 0, 0, 0, 0, 0, 0, 0, 0, 0,
            0, 0, 0, 0, 0, 0, 0, 0, 0, 0, 0, 0, 0, 0, 0, 0, 0, 0, 0, 0,
            0, 0, 0, 0, 0, 0, 0, 0, 0, 0, 0, 0, 0, 0, 0, 0, 0, 0, 0, 0,
            0, 0, 0, 0, 0, 0, 0, 0, 0, 0, 0, 0, 0, 0, 0, 0, 0, 0, 0, 0,
            0, 0, 0, 0, 0, 0, 0, 0, 0, 0, 0, 0, 0, 0, 0, 0, 0, 0, 0, 0,
            0, 0, 0, 0, 0, 0, 0, 0, 0, 0, 0, 0, 0, 0, 0, 0, 0, 0, 0, 0,
            0, 0, 0, 0, 0, 0, 0, 0, 0, 0, 0, 0, 0, 0, 0, 0, 0, 0, 0, 0,
            0, 0, 0, 0, 0, 0, 0, 0, 0, 0, 0, 0, 0, 0, 0, 0, 0, 0, 0, 0,
            0, 0, 0, 0, 0, 0, 0, 0, 0, 0, 0, 0, 0, 0, 0, 0, 0, 0, 0, 0,
            0, 0, 0, 0, 0, 0, 0, 0, 0, 0, 0, 0, 0, 0, 0, 0, 0, 0, 0, 0,
            0, 0, 0, 0, 0, 0, 0, 0, 0, 0, 0, 0, 0, 0, 0, 0, 0, 0, 0, 0,
            0, 0, 0, 0, 0, 0, 0, 0, 0, 0, 0, 0, 0, 0, 0, 0, 0, 0, 0, 0,
            0, 0, 0, 0, 0, 0, 0, 0, 0, 0, 0, 0, 0, 0, 0, 0, 0, 0, 0, 0,
            0, 0, 0, 0, 0, 0, 0, 0, 0, 0, 0, 0, 0, 0, 0, 0, 0, 0, 0, 0,
            0, 0, 0, 0, 0, 0, 0, 0, 0, 0, 0, 0, 0, 0, 0, 0, 0, 0, 0, 0,
            0, 0, 0, 0, 0, 0, 0, 0, 0, 0, 0, 0, 0, 0, 0, 0, 0, 0, 0, 0,
            0, 0, 0, 0, 0, 0, 0, 0, 0, 0, 0, 0, 0, 0, 0, 0, 0, 0, 0, 0,
            0, 0, 0, 0, 0, 0, 0, 0, 0, 0, 0, 0, 0, 0, 0, 0, 0, 0, 0, 0,
            0, 0, 0
/
