&aorsa2din
    eqdsk = 'eqdsk'
    netcdf_file1 = 'cql3d.nc'
    netcdf_file2 = 'cql3d.nc'
    root = 'none'
    nmodesx = 128
    nmodesy = 128
    nprow = 32
    npcol = 32
    lmax = 9
    lmaxe = 1
    prfin = 600000.0
    freqcy = 96000000.0
    nstrap = 2
    i_antenna = 0
    rant = 1.12
    yant = 0
    antlen = 0.4
    xlt = 0.094
    wd = 0.244
    dpsiant0 = 0.025
    antlc = 5
    nphi_number = 1
    nphi_array = -11
    phase_array = 0.0, 180.0, 0.0, 180.0
    enorm_factor = 0.0
    nuper = 150
    nupar = 300
    use_new_wdot = .true.
    nzeta_wdote = 51
    nzeta_wdoti = 51
    z2_electron = 1
    upshift = 1
    xkperp_cutoff = 0.5
    damping = 100.0
    delta0 = 4e-05
    psilim = 0.999
    ytop = 1.07
    ybottom = -1.26
    rwright = 2.317
    rwleft = 1.022
    n_prof_flux = 1
    iprofile = 5
    ndisti1 = 0
    amu1 = 2
    z1 = 1
    ndisti2 = 0
    amu2 = 2
    z2 = 1
/

&state
    s_t0 = 0.0
    s_t1 = 0.0
    s_r_axis = 0.0
    s_z_axis = 0.0
    s_r0_mach = 0.0
    s_z0_mach = 0.0
    s_r_min = 0.0
    s_r_max = 0.0
    s_z_min = 0.0
    s_z_max = 0.0
    s_nspec = 0
    s_nspec_th = 2
    s_s_name = 'e', 'D', 'Dfast'
    s_q_s = -1.6022e-19, 1.6022e-19, 1.6022e-19
    s_m_s = 9.11e-31, 3.3687870052e-27, 3.3687870052e-27
    s_nrho_n = 101
    s_rho_n_grid = 0.0, 0.01, 0.02, 0.03, 0.04, 0.05, 0.06, 0.07, 0.08,
                   0.09, 0.1, 0.11, 0.12, 0.13, 0.14, 0.15, 0.16, 0.17,
                   0.18, 0.19, 0.2, 0.21, 0.22, 0.23, 0.24, 0.25, 0.26,
                   0.27, 0.28, 0.29, 0.3, 0.31, 0.32, 0.33, 0.34, 0.35,
                   0.36, 0.37, 0.38, 0.39, 0.4, 0.41, 0.42, 0.43, 0.44,
                   0.45, 0.46, 0.47, 0.48, 0.49, 0.5, 0.51, 0.52, 0.53,
                   0.54, 0.55, 0.56, 0.57, 0.58, 0.59, 0.6, 0.61, 0.62,
                   0.63, 0.64, 0.65, 0.66, 0.67, 0.68, 0.69, 0.7, 0.71,
                   0.72, 0.73, 0.74, 0.75, 0.76, 0.77, 0.78, 0.79, 0.8,
                   0.81, 0.82, 0.83, 0.84, 0.85, 0.86, 0.87, 0.88, 0.89,
                   0.9, 0.91, 0.92, 0.93, 0.94, 0.95, 0.96, 0.97, 0.98,
                   0.99, 1.0, 0.0, 0.0, 0.0, 0.0, 0.0, 0.0, 0.0, 0.0, 0.0,
                   0.0, 0.0, 0.0, 0.0, 0.0, 0.0, 0.0, 0.0, 0.0, 0.0, 0.0,
                   0.0, 0.0, 0.0, 0.0, 0.0, 0.0, 0.0, 0.0, 0.0, 0.0, 0.0,
                   0.0, 0.0, 0.0, 0.0, 0.0, 0.0, 0.0, 0.0, 0.0, 0.0, 0.0,
                   0.0, 0.0, 0.0, 0.0, 0.0, 0.0, 0.0, 0.0, 0.0, 0.0, 0.0,
                   0.0, 0.0, 0.0, 0.0, 0.0, 0.0, 0.0, 0.0, 0.0, 0.0, 0.0,
                   0.0, 0.0, 0.0, 0.0, 0.0, 0.0, 0.0, 0.0, 0.0, 0.0, 0.0,
                   0.0, 0.0, 0.0, 0.0, 0.0
    s_n_s = 2.01e+20, 2.0097387039370674e+20, 2.0089588406831723e+20, 2.007659126190681e+20,
            2.005839844849969e+20, 2.0035013214685433e+20, 2.000643977617182e+20,
            1.9972683297387882e+20, 1.993374989200662e+20, 1.9889646626496768e+20,
            1.9840381524890164e+20, 1.978596357441238e+20, 1.9726402731891104e+20,
            1.9661709930925025e+20, 1.9591897089818624e+20, 1.951697712029712e+20,
            1.9436963937021392e+20, 1.93518724679259e+20, 1.9261718665405907e+20,
            1.9166519518382945e+20, 1.906629306528048e+20, 1.8961058407944752e+20,
            1.8850835726548727e+20, 1.8735646295520667e+20, 1.861551250054237e+20,
            1.8490457856665826e+20, 1.8360507027601356e+20, 1.8225685846234828e+20,
            1.8086021336436107e+20, 1.7941541736226577e+20, 1.7792276522378815e+20,
            1.76382564365283e+20, 1.7479513512883136e+20, 1.731608110762581e+20,
            1.714799393010876e+20, 1.6975288075954484e+20, 1.6798001062180746e+20,
            1.6616171864482152e+20, 1.642984095681113e+20, 1.623905035341451e+20,
            1.6043843653496265e+20, 1.5844266088692993e+20, 1.5640364573566422e+20,
            1.5432187759337033e+20, 1.5219786091104823e+20, 1.500321186882769e+20,
            1.4782519312355397e+20, 1.4557764630847975e+20, 1.4329006096941503e+20,
            1.4096304126063587e+20, 1.385972136134419e+20, 1.361932276461735e+20,
            1.3375175714065267e+20, 1.3127350109120161e+20, 1.2875918483311885e+20,
            1.2620956125832398e+20, 1.2362541212683287e+20, 1.2100754948381781e+20,
            1.1835681719326717e+20, 1.1567409260071508e+20, 1.1296028833920046e+20,
            1.1021635429458215e+20, 1.0744327974863385e+20, 1.0464209572103705e+20,
            1.0181387753456461e+20, 9.895974763149905e+19, 9.60808786737877e+19,
            9.317849696475773e+19, 9.025388623659273e+19, 8.730839185546776e+19,
            8.434342550556372e+19, 8.136047042455781e+19, 7.836108727714126e+19,
            7.534692077035866e+19, 7.231970713601115e+19, 6.928128263225466e+19,
            6.623359325050415e+19, 6.317870585707469e+19, 6.011882105473683e+19,
            5.705628812183329e+19, 5.39936224818573e+19, 5.093352628309514e+19,
            4.787891283868864e+19, 4.483293591090655e+19, 4.179902514760726e+19,
            3.878092943703576e+19, 3.5782770607284023e+19, 3.280911086894986e+19,
            2.9865038866792165e+19, 2.6956281483272884e+19, 2.4089352185897394e+19,
            2.127175277959164e+19, 1.8512255972400173e+19, 1.5821315476732645e+19,
            1.3211688069974553e+19, 1.0699431758139748e+19, 8.305631131487272e+18,
            6.059705531080562e+18, 4.0068187366576666e+18, 2.230340508882064e+18,
            1e+18, 0, 0, 0, 0, 0, 0, 0, 0, 0, 0, 0, 0, 0, 0, 0, 0, 0, 0,
            0, 0, 0, 0, 0, 0, 0, 0, 0, 0, 0, 0, 0, 0, 0, 0, 0, 0, 0, 0,
            0, 0, 0, 0, 0, 0, 0, 0, 0, 0, 0, 0, 0, 0, 0, 0, 0, 0, 0, 0,
            0, 0, 0, 0, 0, 0, 0, 0, 0, 0, 0, 0, 0, 0, 0, 0, 0, 0, 0, 0,
            0, 0, 2.01e+20, 2.0097387039370674e+20, 2.0089588406831723e+20,
            2.007659126190681e+20, 2.005839844849969e+20, 2.0035013214685433e+20,
            2.000643977617182e+20, 1.9972683297387882e+20, 1.993374989200662e+20,
            1.9889646626496768e+20, 1.9840381524890164e+20, 1.978596357441238e+20,
            1.9726402731891104e+20, 1.9661709930925025e+20, 1.9591897089818624e+20,
            1.951697712029712e+20, 1.9436963937021392e+20, 1.93518724679259e+20,
            1.9261718665405907e+20, 1.9166519518382945e+20, 1.906629306528048e+20,
            1.8961058407944752e+20, 1.8850835726548727e+20, 1.8735646295520667e+20,
            1.861551250054237e+20, 1.8490457856665826e+20, 1.8360507027601356e+20,
            1.8225685846234828e+20, 1.8086021336436107e+20, 1.7941541736226577e+20,
            1.7792276522378815e+20, 1.76382564365283e+20, 1.7479513512883136e+20,
            1.731608110762581e+20, 1.714799393010876e+20, 1.6975288075954484e+20,
            1.6798001062180746e+20, 1.6616171864482152e+20, 1.642984095681113e+20,
            1.623905035341451e+20, 1.6043843653496265e+20, 1.5844266088692993e+20,
            1.5640364573566422e+20, 1.5432187759337033e+20, 1.5219786091104823e+20,
            1.500321186882769e+20, 1.4782519312355397e+20, 1.4557764630847975e+20,
            1.4329006096941503e+20, 1.4096304126063587e+20, 1.385972136134419e+20,
            1.361932276461735e+20, 1.3375175714065267e+20, 1.3127350109120161e+20,
            1.2875918483311885e+20, 1.2620956125832398e+20, 1.2362541212683287e+20,
            1.2100754948381781e+20, 1.1835681719326717e+20, 1.1567409260071508e+20,
            1.1296028833920046e+20, 1.1021635429458215e+20, 1.0744327974863385e+20,
            1.0464209572103705e+20, 1.0181387753456461e+20, 9.895974763149905e+19,
            9.60808786737877e+19, 9.317849696475773e+19, 9.025388623659273e+19,
            8.730839185546776e+19, 8.434342550556372e+19, 8.136047042455781e+19,
            7.836108727714126e+19, 7.534692077035866e+19, 7.231970713601115e+19,
            6.928128263225466e+19, 6.623359325050415e+19, 6.317870585707469e+19,
            6.011882105473683e+19, 5.705628812183329e+19, 5.39936224818573e+19,
            5.093352628309514e+19, 4.787891283868864e+19, 4.483293591090655e+19,
            4.179902514760726e+19, 3.878092943703576e+19, 3.5782770607284023e+19,
            3.280911086894986e+19, 2.9865038866792165e+19, 2.6956281483272884e+19,
            2.4089352185897394e+19, 2.127175277959164e+19, 1.8512255972400173e+19,
            1.5821315476732645e+19, 1.3211688069974553e+19, 1.0699431758139748e+19,
            8.305631131487272e+18, 6.059705531080562e+18, 4.0068187366576666e+18,
            2.230340508882064e+18, 1e+18, 0, 0, 0, 0, 0, 0, 0, 0, 0, 0,
            0, 0, 0, 0, 0, 0, 0, 0, 0, 0, 0, 0, 0, 0, 0, 0, 0, 0, 0, 0,
            0, 0, 0, 0, 0, 0, 0, 0, 0, 0, 0, 0, 0, 0, 0, 0, 0, 0, 0, 0,
            0, 0, 0, 0, 0, 0, 0, 0, 0, 0, 0, 0, 0, 0, 0, 0, 0, 0, 0, 0,
            0, 0, 0, 0, 0, 0, 0, 0, 0, 0, 2.01e+19, 2.009738703937068e+19,
            2.0089588406831722e+19, 2.0076591261906805e+19, 2.0058398448499696e+19,
            2.003501321468543e+19, 2.000643977617182e+19, 1.997268329738788e+19,
            1.9933749892006617e+19, 1.988964662649677e+19, 1.9840381524890165e+19,
            1.9785963574412386e+19, 1.97264027318911e+19, 1.9661709930925023e+19,
            1.959189708981863e+19, 1.9516977120297116e+19, 1.943696393702139e+19,
            1.9351872467925897e+19, 1.9261718665405907e+19, 1.9166519518382944e+19,
            1.906629306528048e+19, 1.8961058407944753e+19, 1.8850835726548726e+19,
            1.8735646295520666e+19, 1.8615512500542374e+19, 1.8490457856665825e+19,
            1.8360507027601355e+19, 1.8225685846234827e+19, 1.8086021336436111e+19,
            1.7941541736226572e+19, 1.7792276522378811e+19, 1.76382564365283e+19,
            1.7479513512883134e+19, 1.731608110762581e+19, 1.7147993930108762e+19,
            1.6975288075954483e+19, 1.6798001062180745e+19, 1.6616171864482152e+19,
            1.6429840956811129e+19, 1.623905035341451e+19, 1.6043843653496267e+19,
            1.5844266088692996e+19, 1.564036457356642e+19, 1.5432187759337032e+19,
            1.5219786091104825e+19, 1.5003211868827687e+19, 1.47825193123554e+19,
            1.4557764630847975e+19, 1.4329006096941502e+19, 1.4096304126063585e+19,
            1.385972136134419e+19, 1.361932276461735e+19, 1.3375175714065265e+19,
            1.312735010912016e+19, 1.2875918483311886e+19, 1.2620956125832399e+19,
            1.2362541212683287e+19, 1.2100754948381782e+19, 1.1835681719326716e+19,
            1.1567409260071506e+19, 1.1296028833920045e+19, 1.1021635429458215e+19,
            1.0744327974863385e+19, 1.0464209572103705e+19, 1.0181387753456462e+19,
            9.895974763149904e+18, 9.60808786737877e+18, 9.317849696475773e+18,
            9.025388623659274e+18, 8.730839185546776e+18, 8.434342550556373e+18,
            8.13604704245578e+18, 7.836108727714128e+18, 7.534692077035865e+18,
            7.231970713601114e+18, 6.928128263225466e+18, 6.623359325050415e+18,
            6.317870585707469e+18, 6.011882105473682e+18, 5.705628812183329e+18,
            5.39936224818573e+18, 5.093352628309513e+18, 4.787891283868865e+18,
            4.4832935910906557e+18, 4.1799025147607265e+18, 3.8780929437035756e+18,
            3.578277060728402e+18, 3.280911086894985e+18, 2.9865038866792166e+18,
            2.6956281483272883e+18, 2.4089352185897395e+18, 2.127175277959164e+18,
            1.8512255972400174e+18, 1.5821315476732646e+18, 1.3211688069974554e+18,
            1.0699431758139747e+18, 8.305631131487273e+17, 6.059705531080563e+17,
            4.0068187366576666e+17, 2.2303405088820637e+17, 1e+17, 0, 0,
            0, 0, 0, 0, 0, 0, 0, 0, 0, 0, 0, 0, 0, 0, 0, 0, 0, 0, 0, 0,
            0, 0, 0, 0, 0, 0, 0, 0, 0, 0, 0, 0, 0, 0, 0, 0, 0, 0, 0, 0,
            0, 0, 0, 0, 0, 0, 0, 0, 0, 0, 0, 0, 0, 0, 0, 0, 0, 0, 0, 0,
            0, 0, 0, 0, 0, 0, 0, 0, 0, 0, 0, 0, 0, 0, 0, 0, 0, 0, 0, 0,
            0, 0, 0, 0, 0, 0, 0, 0, 0, 0, 0, 0, 0, 0, 0, 0, 0, 0, 0, 0,
            0, 0, 0, 0, 0, 0, 0, 0, 0, 0, 0, 0, 0, 0, 0, 0, 0, 0, 0, 0,
            0, 0, 0, 0, 0, 0, 0, 0, 0, 0, 0, 0, 0, 0, 0, 0, 0, 0, 0, 0,
            0, 0, 0, 0, 0, 0, 0, 0, 0, 0, 0, 0, 0, 0, 0, 0, 0, 0, 0, 0,
            0, 0, 0, 0, 0, 0, 0, 0, 0, 0, 0, 0, 0, 0, 0, 0, 0, 0, 0, 0,
            0, 0, 0, 0, 0, 0, 0, 0, 0, 0, 0, 0, 0, 0, 0, 0, 0, 0, 0, 0,
            0, 0, 0, 0, 0, 0, 0, 0, 0, 0, 0, 0, 0, 0, 0, 0, 0, 0, 0, 0,
            0, 0, 0, 0, 0, 0, 0, 0, 0, 0, 0, 0, 0, 0, 0, 0, 0, 0, 0, 0,
            0, 0, 0, 0, 0, 0, 0, 0, 0, 0, 0, 0, 0, 0, 0, 0, 0, 0, 0, 0,
            0, 0, 0, 0, 0, 0, 0, 0, 0, 0, 0, 0, 0, 0, 0, 0, 0, 0, 0, 0,
            0, 0, 0, 0, 0, 0, 0, 0, 0, 0, 0, 0, 0, 0, 0, 0, 0, 0, 0, 0,
            0, 0, 0, 0, 0, 0, 0, 0, 0, 0, 0, 0, 0, 0, 0, 0, 0, 0, 0, 0,
            0, 0, 0, 0, 0, 0, 0, 0, 0, 0, 0, 0, 0, 0, 0, 0, 0, 0, 0, 0,
            0, 0, 0, 0, 0, 0, 0, 0, 0, 0, 0, 0, 0, 0, 0, 0, 0, 0, 0, 0,
            0, 0, 0, 0, 0, 0, 0, 0, 0, 0, 0, 0, 0, 0, 0, 0, 0, 0, 0, 0,
            0, 0, 0, 0, 0, 0, 0, 0, 0, 0, 0, 0, 0, 0, 0, 0, 0, 0, 0, 0,
            0, 0, 0, 0, 0, 0, 0, 0, 0, 0, 0, 0, 0, 0, 0, 0, 0, 0, 0, 0,
            0, 0, 0, 0, 0, 0, 0, 0, 0, 0, 0, 0, 0, 0, 0, 0, 0, 0, 0, 0,
            0, 0, 0, 0, 0, 0, 0, 0, 0, 0, 0, 0, 0, 0, 0, 0, 0, 0, 0, 0,
            0, 0, 0, 0, 0, 0, 0, 0, 0, 0, 0, 0, 0, 0, 0, 0, 0, 0, 0, 0,
            0, 0, 0, 0, 0, 0, 0, 0, 0, 0, 0, 0, 0, 0, 0, 0, 0, 0, 0, 0,
            0, 0
    s_zeff = 2.5, 2.5, 2.5, 2.5, 2.5, 2.5, 2.5, 2.5, 2.5, 2.5, 2.5, 2.5,
             2.5, 2.5, 2.5, 2.5, 2.5, 2.5, 2.5, 2.5, 2.5, 2.5, 2.5, 2.5,
             2.5, 2.5, 2.5, 2.5, 2.5, 2.5, 2.5, 2.5, 2.5, 2.5, 2.5, 2.5,
             2.5, 2.5, 2.5, 2.5, 2.5, 2.5, 2.5, 2.5, 2.5, 2.5, 2.5, 2.5,
             2.5, 2.5, 2.5, 2.5, 2.5, 2.5, 2.5, 2.5, 2.5, 2.5, 2.5, 2.5,
             2.5, 2.5, 2.5, 2.5, 2.5, 2.5, 2.5, 2.5, 2.5, 2.5, 2.5, 2.5,
             2.5, 2.5, 2.5, 2.5, 2.5, 2.5, 2.5, 2.5, 2.5, 2.5, 2.5, 2.5,
             2.5, 2.5, 2.5, 2.5, 2.5, 2.5, 2.5, 2.5, 2.5, 2.5, 2.5, 2.5,
             2.5, 2.5, 2.5, 2.5, 2.5, 0.0, 0.0, 0.0, 0.0, 0.0, 0.0, 0.0,
             0.0, 0.0, 0.0, 0.0, 0.0, 0.0, 0.0, 0.0, 0.0, 0.0, 0.0, 0.0,
             0.0, 0.0, 0.0, 0.0, 0.0, 0.0, 0.0, 0.0, 0.0, 0.0, 0.0, 0.0,
             0.0, 0.0, 0.0, 0.0, 0.0, 0.0, 0.0, 0.0, 0.0, 0.0, 0.0, 0.0,
             0.0, 0.0, 0.0, 0.0, 0.0, 0.0, 0.0, 0.0, 0.0, 0.0, 0.0, 0.0,
             0.0, 0.0, 0.0, 0.0, 0.0, 0.0, 0.0, 0.0, 0.0, 0.0, 0.0, 0.0,
             0.0, 0.0, 0.0, 0.0, 0.0, 0.0, 0.0, 0.0, 0.0, 0.0, 0.0, 0.0,
             0.0
    s_m_impurity = 0.0, 0.0, 0.0, 0.0, 0.0, 0.0, 0.0, 0.0, 0.0, 0.0, 0.0,
                   0.0, 0.0, 0.0, 0.0, 0.0, 0.0, 0.0, 0.0, 0.0, 0.0, 0.0,
                   0.0, 0.0, 0.0, 0.0, 0.0, 0.0, 0.0, 0.0, 0.0, 0.0, 0.0,
                   0.0, 0.0, 0.0, 0.0, 0.0, 0.0, 0.0, 0.0, 0.0, 0.0, 0.0,
                   0.0, 0.0, 0.0, 0.0, 0.0, 0.0, 0.0, 0.0, 0.0, 0.0, 0.0,
                   0.0, 0.0, 0.0, 0.0, 0.0, 0.0, 0.0, 0.0, 0.0, 0.0, 0.0,
                   0.0, 0.0, 0.0, 0.0, 0.0, 0.0, 0.0, 0.0, 0.0, 0.0, 0.0,
                   0.0, 0.0, 0.0, 0.0, 0.0, 0.0, 0.0, 0.0, 0.0, 0.0, 0.0,
                   0.0, 0.0, 0.0, 0.0, 0.0, 0.0, 0.0, 0.0, 0.0, 0.0, 0.0,
                   0.0, 0.0, 0.0, 0.0, 0.0, 0.0, 0.0, 0.0, 0.0, 0.0, 0.0,
                   0.0, 0.0, 0.0, 0.0, 0.0, 0.0, 0.0, 0.0, 0.0, 0.0, 0.0,
                   0.0, 0.0, 0.0, 0.0, 0.0, 0.0, 0.0, 0.0, 0.0, 0.0, 0.0,
                   0.0, 0.0, 0.0, 0.0, 0.0, 0.0, 0.0, 0.0, 0.0, 0.0, 0.0,
                   0.0, 0.0, 0.0, 0.0, 0.0, 0.0, 0.0, 0.0, 0.0, 0.0, 0.0,
                   0.0, 0.0, 0.0, 0.0, 0.0, 0.0, 0.0, 0.0, 0.0, 0.0, 0.0,
                   0.0, 0.0, 0.0, 0.0, 0.0, 0.0, 0.0, 0.0, 0.0, 0.0, 0.0,
                   0.0, 0.0, 0.0, 0.0, 0.0
    s_nrho_t = 101
    s_rho_t_grid = 0.0, 0.01, 0.02, 0.03, 0.04, 0.05, 0.06, 0.07, 0.08,
                   0.09, 0.1, 0.11, 0.12, 0.13, 0.14, 0.15, 0.16, 0.17,
                   0.18, 0.19, 0.2, 0.21, 0.22, 0.23, 0.24, 0.25, 0.26,
                   0.27, 0.28, 0.29, 0.3, 0.31, 0.32, 0.33, 0.34, 0.35,
                   0.36, 0.37, 0.38, 0.39, 0.4, 0.41, 0.42, 0.43, 0.44,
                   0.45, 0.46, 0.47, 0.48, 0.49, 0.5, 0.51, 0.52, 0.53,
                   0.54, 0.55, 0.56, 0.57, 0.58, 0.59, 0.6, 0.61, 0.62,
                   0.63, 0.64, 0.65, 0.66, 0.67, 0.68, 0.69, 0.7, 0.71,
                   0.72, 0.73, 0.74, 0.75, 0.76, 0.77, 0.78, 0.79, 0.8,
                   0.81, 0.82, 0.83, 0.84, 0.85, 0.86, 0.87, 0.88, 0.89,
                   0.9, 0.91, 0.92, 0.93, 0.94, 0.95, 0.96, 0.97, 0.98,
                   0.99, 1.0, 0.0, 0.0, 0.0, 0.0, 0.0, 0.0, 0.0, 0.0, 0.0,
                   0.0, 0.0, 0.0, 0.0, 0.0, 0.0, 0.0, 0.0, 0.0, 0.0, 0.0,
                   0.0, 0.0, 0.0, 0.0, 0.0, 0.0, 0.0, 0.0, 0.0, 0.0, 0.0,
                   0.0, 0.0, 0.0, 0.0, 0.0, 0.0, 0.0, 0.0, 0.0, 0.0, 0.0,
                   0.0, 0.0, 0.0, 0.0, 0.0, 0.0, 0.0, 0.0, 0.0, 0.0, 0.0,
                   0.0, 0.0, 0.0, 0.0, 0.0, 0.0, 0.0, 0.0, 0.0, 0.0, 0.0,
                   0.0, 0.0, 0.0, 0.0, 0.0, 0.0, 0.0, 0.0, 0.0, 0.0, 0.0,
                   0.0, 0.0, 0.0, 0.0, 0.0
    s_t_s = 10.9, 10.898693519685336, 10.894794203415863, 10.888295630953403,
            10.879199224249847, 10.867506607342715, 10.853219888085908,
            10.83634164869394, 10.816874946003312, 10.794823313248383, 10.770190762445083,
            10.742981787206192, 10.713201365945553, 10.68085496546251, 10.645948544909313,
            10.608488560148562, 10.568481968510698, 10.52593623396295, 10.480859332702954,
            10.43325975919147, 10.383146532640243, 10.330529203972379, 10.275417863274363,
            10.217823147760335, 10.157756250271184, 10.095228928332912,
            10.030253513800677, 9.962842923117414, 9.893010668218055, 9.820770868113287,
            9.746138261189408, 9.66912821826415, 9.589756756441568, 9.508040553812904,
            9.423996965054382, 9.337644037977242, 9.249000531090374, 9.158085932241077,
            9.064920478405567, 8.969525176707254, 8.871921826748133, 8.772133044346498,
            8.67018228678321, 8.566093879668516, 8.459893045552413, 8.351605934413845,
            8.2412596561777, 8.128882315423986, 8.01450304847075, 7.898152063031793,
            7.779860680672095, 7.659661382308674, 7.537587857032634, 7.413675054560081,
            7.287959241655943, 7.160478062916201, 7.031270606341644, 6.900377474190891,
            6.767840859663359, 6.633704630035756, 6.4980144169600225, 6.360817714729109,
            6.222163987431693, 6.082104786051853, 5.940693876728231, 5.797987381574953,
            5.654043933689386, 5.5089248482378865, 5.362694311829636, 5.2154195927733875,
            5.067171275278187, 4.918023521227891, 4.768054363857064, 4.617346038517932,
            4.465985356800558, 4.314064131612733, 4.161679662525207, 4.008935292853735,
            3.8559410527368416, 3.702814406091665, 3.5496811240928654, 3.396676314154757,
            3.2439456419344324, 3.091646795545328, 2.9399512573803634, 2.789046471851788,
            2.639138530364201, 2.490455543447493, 2.343251943339608, 2.1978140741636447,
            2.05446760929487, 1.913587638979582, 1.7756127986200088, 1.6410657738366325,
            1.5105844034987277, 1.3849715879069877, 1.2652815565743636,
            1.152985276554028, 1.0503409368328833, 0.9615170254441032, 0.9,
            0, 0, 0, 0, 0, 0, 0, 0, 0, 0, 0, 0, 0, 0, 0, 0, 0, 0, 0, 0,
            0, 0, 0, 0, 0, 0, 0, 0, 0, 0, 0, 0, 0, 0, 0, 0, 0, 0, 0, 0,
            0, 0, 0, 0, 0, 0, 0, 0, 0, 0, 0, 0, 0, 0, 0, 0, 0, 0, 0, 0,
            0, 0, 0, 0, 0, 0, 0, 0, 0, 0, 0, 0, 0, 0, 0, 0, 0, 0, 0, 0,
            10.9, 10.898693519685336, 10.894794203415863, 10.888295630953403,
            10.879199224249847, 10.867506607342715, 10.853219888085908,
            10.83634164869394, 10.816874946003312, 10.794823313248383, 10.770190762445083,
            10.742981787206192, 10.713201365945553, 10.68085496546251, 10.645948544909313,
            10.608488560148562, 10.568481968510698, 10.52593623396295, 10.480859332702954,
            10.43325975919147, 10.383146532640243, 10.330529203972379, 10.275417863274363,
            10.217823147760335, 10.157756250271184, 10.095228928332912,
            10.030253513800677, 9.962842923117414, 9.893010668218055, 9.820770868113287,
            9.746138261189408, 9.66912821826415, 9.589756756441568, 9.508040553812904,
            9.423996965054382, 9.337644037977242, 9.249000531090374, 9.158085932241077,
            9.064920478405567, 8.969525176707254, 8.871921826748133, 8.772133044346498,
            8.67018228678321, 8.566093879668516, 8.459893045552413, 8.351605934413845,
            8.2412596561777, 8.128882315423986, 8.01450304847075, 7.898152063031793,
            7.779860680672095, 7.659661382308674, 7.537587857032634, 7.413675054560081,
            7.287959241655943, 7.160478062916201, 7.031270606341644, 6.900377474190891,
            6.767840859663359, 6.633704630035756, 6.4980144169600225, 6.360817714729109,
            6.222163987431693, 6.082104786051853, 5.940693876728231, 5.797987381574953,
            5.654043933689386, 5.5089248482378865, 5.362694311829636, 5.2154195927733875,
            5.067171275278187, 4.918023521227891, 4.768054363857064, 4.617346038517932,
            4.465985356800558, 4.314064131612733, 4.161679662525207, 4.008935292853735,
            3.8559410527368416, 3.702814406091665, 3.5496811240928654, 3.396676314154757,
            3.2439456419344324, 3.091646795545328, 2.9399512573803634, 2.789046471851788,
            2.639138530364201, 2.490455543447493, 2.343251943339608, 2.1978140741636447,
            2.05446760929487, 1.913587638979582, 1.7756127986200088, 1.6410657738366325,
            1.5105844034987277, 1.3849715879069877, 1.2652815565743636,
            1.152985276554028, 1.0503409368328833, 0.9615170254441032, 0.9,
            0, 0, 0, 0, 0, 0, 0, 0, 0, 0, 0, 0, 0, 0, 0, 0, 0, 0, 0, 0,
            0, 0, 0, 0, 0, 0, 0, 0, 0, 0, 0, 0, 0, 0, 0, 0, 0, 0, 0, 0,
            0, 0, 0, 0, 0, 0, 0, 0, 0, 0, 0, 0, 0, 0, 0, 0, 0, 0, 0, 0,
            0, 0, 0, 0, 0, 0, 0, 0, 0, 0, 0, 0, 0, 0, 0, 0, 0, 0, 0, 0,
            109.0, 108.98693519685337, 108.94794203415863, 108.88295630953404,
            108.79199224249847, 108.67506607342716, 108.53219888085908,
            108.3634164869394, 108.16874946003311, 107.94823313248384, 107.70190762445084,
            107.42981787206193, 107.13201365945552, 106.80854965462511,
            106.45948544909311, 106.08488560148561, 105.68481968510697,
            105.25936233962952, 104.80859332702954, 104.3325975919147, 103.83146532640241,
            103.3052920397238, 102.75417863274362, 102.17823147760333, 101.57756250271186,
            100.95228928332912, 100.30253513800679, 99.62842923117414, 98.93010668218056,
            98.20770868113287, 97.4613826118941, 96.69128218264152, 95.8975675644157,
            95.08040553812906, 94.23996965054381, 93.37644037977243, 92.49000531090374,
            91.58085932241076, 90.64920478405567, 89.69525176707256, 88.71921826748135,
            87.72133044346498, 86.7018228678321, 85.66093879668517, 84.59893045552413,
            83.51605934413843, 82.412596561777, 81.28882315423986, 80.1450304847075,
            78.98152063031793, 77.79860680672094, 76.59661382308676, 75.37587857032635,
            74.13675054560082, 72.87959241655943, 71.60478062916201, 70.31270606341644,
            69.00377474190891, 67.67840859663359, 66.33704630035756, 64.98014416960024,
            63.60817714729109, 62.22163987431692, 60.82104786051852, 59.40693876728232,
            57.97987381574953, 56.54043933689386, 55.089248482378885, 53.626943118296374,
            52.15419592773388, 50.67171275278187, 49.18023521227891, 47.68054363857064,
            46.173460385179325, 44.65985356800557, 43.14064131612733, 41.616796625252064,
            40.08935292853735, 38.559410527368414, 37.028144060916645, 35.49681124092865,
            33.96676314154757, 32.439456419344324, 30.916467955453278, 29.399512573803634,
            27.89046471851788, 26.39138530364201, 24.904555434474933, 23.432519433396084,
            21.978140741636448, 20.544676092948695, 19.135876389795822,
            17.756127986200088, 16.410657738366325, 15.10584403498728, 13.849715879069874,
            12.652815565743635, 11.529852765540282, 10.503409368328832,
            9.615170254441031, 9.0, 0, 0, 0, 0, 0, 0, 0, 0, 0, 0, 0, 0,
            0, 0, 0, 0, 0, 0, 0, 0, 0, 0, 0, 0, 0, 0, 0, 0, 0, 0, 0, 0,
            0, 0, 0, 0, 0, 0, 0, 0, 0, 0, 0, 0, 0, 0, 0, 0, 0, 0, 0, 0,
            0, 0, 0, 0, 0, 0, 0, 0, 0, 0, 0, 0, 0, 0, 0, 0, 0, 0, 0, 0,
            0, 0, 0, 0, 0, 0, 0, 0, 0, 0, 0, 0, 0, 0, 0, 0, 0, 0, 0, 0,
            0, 0, 0, 0, 0, 0, 0, 0, 0, 0, 0, 0, 0, 0, 0, 0, 0, 0, 0, 0,
            0, 0, 0, 0, 0, 0, 0, 0, 0, 0, 0, 0, 0, 0, 0, 0, 0, 0, 0, 0,
            0, 0, 0, 0, 0, 0, 0, 0, 0, 0, 0, 0, 0, 0, 0, 0, 0, 0, 0, 0,
            0, 0, 0, 0, 0, 0, 0, 0, 0, 0, 0, 0, 0, 0, 0, 0, 0, 0, 0, 0,
            0, 0, 0, 0, 0, 0, 0, 0, 0, 0, 0, 0, 0, 0, 0, 0, 0, 0, 0, 0,
            0, 0, 0, 0, 0, 0, 0, 0, 0, 0, 0, 0, 0, 0, 0, 0, 0, 0, 0, 0,
            0, 0, 0, 0, 0, 0, 0, 0, 0, 0, 0, 0, 0, 0, 0, 0, 0, 0, 0, 0,
            0, 0, 0, 0, 0, 0, 0, 0, 0, 0, 0, 0, 0, 0, 0, 0, 0, 0, 0, 0,
            0, 0, 0, 0, 0, 0, 0, 0, 0, 0, 0, 0, 0, 0, 0, 0, 0, 0, 0, 0,
            0, 0, 0, 0, 0, 0, 0, 0, 0, 0, 0, 0, 0, 0, 0, 0, 0, 0, 0, 0,
            0, 0, 0, 0, 0, 0, 0, 0, 0, 0, 0, 0, 0, 0, 0, 0, 0, 0, 0, 0,
            0, 0, 0, 0, 0, 0, 0, 0, 0, 0, 0, 0, 0, 0, 0, 0, 0, 0, 0, 0,
            0, 0, 0, 0, 0, 0, 0, 0, 0, 0, 0, 0, 0, 0, 0, 0, 0, 0, 0, 0,
            0, 0, 0, 0, 0, 0, 0, 0, 0, 0, 0, 0, 0, 0, 0, 0, 0, 0, 0, 0,
            0, 0, 0, 0, 0, 0, 0, 0, 0, 0, 0, 0, 0, 0, 0, 0, 0, 0, 0, 0,
            0, 0, 0, 0, 0, 0, 0, 0, 0, 0, 0, 0, 0, 0, 0, 0, 0, 0, 0, 0,
            0, 0, 0, 0, 0, 0, 0, 0, 0, 0, 0, 0, 0, 0, 0, 0, 0, 0, 0, 0,
            0, 0, 0, 0, 0, 0, 0, 0, 0, 0, 0, 0, 0, 0, 0, 0, 0, 0, 0, 0,
            0, 0, 0, 0, 0, 0, 0, 0, 0, 0, 0, 0, 0, 0, 0, 0, 0, 0, 0, 0,
            0, 0, 0, 0, 0, 0, 0, 0, 0, 0, 0, 0, 0, 0, 0, 0, 0, 0, 0, 0,
            0, 0, 0, 0, 0, 0, 0, 0, 0, 0, 0, 0
/
