0.000000000000000000e+00
9.589404416264556141e-02
1.368724818462852821e-01
1.691075467005253574e-01
1.968987012384663671e-01
2.218621418719598504e-01
2.448105639603866124e-01
2.661985033477348161e-01
2.863063673323671399e-01
3.053233598051569020e-01
3.233879222144862564e-01
3.406064408140737076e-01
3.570522180320672145e-01
3.727945989615811806e-01
3.878920606003758986e-01
4.023903170325727197e-01
4.163355584207651949e-01
4.297717922098361343e-01
4.427386936294713249e-01
4.552761706209195181e-01
4.674247078446508441e-01
4.792248241695012956e-01
4.907140649643922936e-01
5.019277234555382661e-01
5.128997630172890121e-01
5.236617606999275365e-01
5.342432345343876010e-01
5.446692826578795055e-01
5.549628727670232742e-01
5.651462837912154535e-01
5.752401139258588314e-01
5.852636139200991794e-01
5.952344642737724678e-01
6.051693865549658824e-01
6.150843981306041153e-01
6.249952121353876677e-01
6.349171170170059275e-01
6.448652333736800690e-01
6.548549903285069140e-01
6.649010476936834113e-01
6.750180304916653107e-01
6.852214098590122537e-01
6.955276564282565355e-01
7.059544307718335077e-01
7.165191762618043914e-01
7.272387913557553096e-01
7.381330531202255907e-01
7.492241224540682198e-01
7.605339875723867715e-01
7.720854926272383567e-01
7.839037537877138195e-01
7.960197316491577357e-01
8.084653678824907930e-01
8.212745716904121807e-01
8.344859554422477954e-01
8.481422297256585585e-01
8.622853475143279489e-01
8.769573549947040636e-01
8.922039493316841208e-01
9.080665518167331252e-01
9.245814189232460789e-01
9.417762409752740149e-01
9.597123975203856183e-01
9.784987349649435506e-01
1.000000000000000000e+00
